486.968333 144.478713 488.757304 164.430386 4.293184 0.125000 17.958713 
546.947239 73.781421 525.543770 76.136880 5.380207 0.125000 32.235424 
488.149093 291.743279 486.645744 305.734677 4.396246 0.125000 17.302063 
579.587935 70.010520 556.953115 72.566706 5.108691 0.125000 43.145661 
375.725558 93.905418 351.729696 96.997304 5.400040 0.125000 33.520867 
498.077457 95.182907 480.644640 97.057631 5.104991 0.125000 20.369886 
506.570152 310.513404 504.806236 295.574083 3.577559 0.125000 7.532916 
459.449223 98.331683 439.745778 105.407477 6.486662 0.125000 12.951521 
409.311228 90.072529 385.873516 92.777950 6.303840 0.125000 40.116744 
475.515314 120.633628 474.334983 105.628148 3.150319 0.125000 6.683869 
437.511608 286.801382 442.586609 330.687260 3.826420 0.125000 63.078148 
640.174053 94.418171 638.717035 79.198656 4.143388 0.125000 22.128475 
471.177264 108.062980 472.594686 120.684555 2.763383 0.125000 6.556634 
398.910110 155.546740 400.661940 173.121318 5.099329 0.125000 14.554505 
469.928409 166.819407 468.051207 148.132413 6.093762 0.125000 14.531822 
352.320936 96.754393 346.051319 101.223124 6.107406 0.125000 1.926545 
525.600502 279.245150 529.992067 320.692063 3.070584 0.125000 47.057717 
457.344380 149.309505 460.372237 171.009107 5.671795 0.125000 13.095242 
523.758296 77.436029 526.915905 86.067326 4.810100 0.125000 0.938302 
337.701059 247.183260 333.406540 223.862773 6.794235 0.125000 31.925581 
357.966087 155.336771 367.086698 156.843769 4.514934 0.125000 6.100363 
557.392003 72.857013 551.436823 77.571511 5.676171 0.125000 2.467563 
386.836083 92.958200 383.796028 96.357164 5.393464 0.125000 0.235004 
441.547183 109.295765 442.826552 124.185841 4.125590 0.125000 7.807269 
369.462345 159.361374 372.466436 178.617752 5.982630 0.125000 13.631666 
494.732980 65.463840 497.771990 95.785662 6.221644 0.125000 31.461069 
534.247061 135.175203 544.387552 136.796494 3.900317 0.125000 6.100363 
546.808230 140.541978 548.048479 158.218076 4.790701 0.125000 22.012246 
558.756891 156.809486 556.948511 139.367378 5.019084 0.125000 17.259573 
575.971071 136.744149 577.421237 154.432697 4.248143 0.125000 21.289039 
447.994558 144.818817 456.725159 147.384821 4.938939 0.125000 0.309544 
764.771127 236.842603 768.654944 284.331659 3.839411 0.125000 63.610875 
501.610241 309.119714 496.214640 288.296106 3.987746 0.125000 14.163512 
799.045319 16.267692 814.824005 7.702114 5.712544 0.125000 21.639688 
643.255394 121.869851 643.553015 129.407456 2.744642 0.015625 4.610212 
558.492727 135.423274 568.568340 131.888824 5.070115 0.125000 7.532916 
512.328635 93.311424 509.700199 64.459249 5.427771 0.125000 45.186817 
407.320072 76.620082 409.848052 93.429828 5.622817 0.125000 3.568436 
438.549080 149.003181 447.112903 144.867648 5.084548 0.125000 1.926545 
490.595009 165.359643 467.960309 167.917805 4.827989 0.125000 19.957557 
389.127567 151.356078 396.995497 154.018973 4.371709 0.125000 2.560122 
529.104702 159.406313 527.214041 143.085724 5.686006 0.125000 18.903413 
479.354498 102.947101 498.143071 100.781806 3.342218 0.125000 7.677153 
383.249784 96.862548 384.744153 111.838163 2.984114 0.125000 3.306568 
635.031159 131.760864 634.434524 121.796589 6.687103 0.062500 2.073593 
440.541457 169.385660 438.324130 152.009096 6.383787 0.125000 25.054748 
815.274933 7.670760 829.127473 0.167985 7.281624 0.125000 23.147278 
691.394696 33.344861 685.913038 42.552295 5.140522 0.125000 1.015687 
381.955191 111.986472 380.622987 98.006078 3.140208 0.125000 4.991270 
568.816817 132.124732 574.715010 134.319971 4.822518 0.125000 2.944274 
350.534484 117.339261 373.024028 114.748495 4.394941 0.125000 15.782725 
68.108843 350.427070 62.314153 314.304552 4.144918 0.125000 48.325912 
533.939448 321.918889 529.537495 278.234585 4.222859 0.125000 73.492609 
524.340811 97.830783 548.061019 95.074410 3.060424 0.125000 16.054840 
338.921127 316.935032 335.769331 293.105910 3.134038 0.125000 16.909291 
283.979211 210.677227 282.153077 196.838306 4.208355 0.125000 12.658127 
442.994093 107.080557 459.301261 105.036673 2.791501 0.062500 4.820015 
473.055303 142.788392 483.145652 142.345140 4.020675 0.125000 10.539807 
584.007279 55.538042 585.763604 73.357741 5.098497 0.125000 13.426695 
689.384875 78.249841 728.090439 75.188087 7.145604 0.125000 49.116844 
460.541799 168.594274 438.031029 170.993208 4.971848 0.125000 24.394543 
639.478611 77.848194 650.734113 76.649876 5.104235 0.125000 2.577248 
651.447233 76.973449 652.401773 93.240786 4.332416 0.125000 14.349423 
386.878336 113.153256 409.505651 110.481483 3.353142 0.125000 18.621230 
556.858617 94.220795 586.917737 91.027257 3.014246 0.125000 25.505385 
705.602241 241.780384 707.827837 270.647910 2.876947 0.125000 31.965836 
0.359385 173.077023 10.947255 175.416657 3.391958 0.125000 3.287267 
86.907537 161.913029 76.881205 161.643861 3.815740 0.062500 1.060423 
782.841504 28.295623 795.147612 19.923308 8.310353 0.125000 12.779784 
553.249876 78.113001 554.689404 93.094790 2.847206 0.125000 7.874527 
311.226831 308.207158 309.140356 291.746300 3.737631 0.125000 14.376598 
274.738203 316.979555 271.454673 289.129803 5.328829 0.125000 29.103968 
275.073552 86.934551 277.785404 112.046660 4.568477 0.125000 28.334708 
353.491050 178.244268 351.292997 161.953528 5.623673 0.125000 20.553116 
289.109601 315.665969 285.223873 290.493962 5.695906 0.125000 30.537385 
374.198504 177.727376 349.217359 180.403397 4.883043 0.125000 19.585862 
462.124586 121.855453 461.143979 109.334355 2.394772 0.125000 2.944274 
375.307928 96.786281 376.861822 113.126253 3.259804 0.125000 10.089333 
401.781468 174.732737 380.503218 176.963241 4.641790 0.125000 22.323154 
347.172699 101.757565 348.318657 116.860306 5.664636 0.125000 22.866225 
427.515131 129.307741 421.744735 74.388687 6.544603 0.125000 87.303066 
463.502366 109.340269 464.653628 121.849357 2.374920 0.015625 3.517843 
335.701431 220.997611 348.434876 218.385681 2.765969 0.125000 0.706750 
303.564365 85.356132 305.209222 95.691173 6.172317 0.125000 2.604020 
303.554288 196.787029 305.672059 207.121510 5.400089 0.125000 0.044195 
501.883574 121.951345 341.797047 139.930925 4.464397 0.125000 228.267894 
331.321768 319.454975 327.325401 291.809890 3.010803 0.125000 27.594750 
445.883158 328.097814 441.675879 288.145969 3.206806 0.125000 47.929074 
239.390504 75.611788 231.298850 66.115953 4.194363 0.125000 0.240933 
11.623840 175.312780 24.536724 178.771156 4.915865 0.125000 3.863855 
550.448571 158.995217 526.706169 161.565399 5.240018 0.125000 22.204445 
548.915360 93.174053 547.832017 83.022866 3.016475 0.125000 4.750454 
379.888019 155.603991 388.848462 151.863623 5.577172 0.125000 7.582304 
580.515745 155.867719 556.773898 158.442888 5.674392 0.125000 19.908288 
743.100799 289.235502 745.676547 311.869134 5.644558 0.125000 16.020766 
374.026749 113.157355 372.508514 96.816141 3.067467 0.125000 10.267753 
651.785351 94.688533 641.757586 95.648498 5.334602 0.125000 3.732553 
613.038547 51.663658 584.462509 53.354208 8.365625 0.125000 41.415001 
305.134363 94.526873 305.672484 109.552369 7.405718 0.125000 2.959555 
590.466303 112.815037 516.842434 120.304887 4.363300 0.125000 127.392077 
381.444779 177.839460 380.214534 158.150648 7.407448 0.125000 17.264512 
769.464391 291.737109 772.814524 324.278275 4.114319 0.125000 35.875255 
333.763195 82.818014 321.379366 86.421868 7.550541 0.125000 11.616027 
689.526698 249.362283 691.729287 275.637215 3.632474 0.125000 6.831908 
340.500225 138.237627 336.084514 84.337355 8.924910 0.125000 155.953146 
710.004433 291.828742 711.571181 313.147328 3.042984 0.125000 1.393034 
715.242759 163.068228 717.050215 190.695316 4.499705 0.125000 24.940817 
35.418222 182.354396 48.184093 183.880772 7.096207 0.125000 1.184047 
122.749867 187.920740 135.811128 192.606141 4.949165 0.125000 3.648111 
259.428621 325.619261 255.404038 288.014868 5.370670 0.125000 36.218405 
739.883276 267.726014 743.487650 283.610005 5.101127 0.125000 12.752451 
355.935759 318.279219 351.774572 292.936246 4.933933 0.125000 17.362704 
691.598979 110.762805 688.861240 80.445636 5.221173 0.125000 26.133096 
203.111506 259.376002 204.780254 281.844902 3.554537 0.125000 15.481565 
323.215542 323.111646 319.139552 295.475367 3.709868 0.125000 15.474828 
262.008703 110.679361 260.967446 89.297451 8.800444 0.125000 26.143010 
51.063140 181.991011 69.924596 175.941314 4.963046 0.125000 27.958115 
324.017830 292.134156 328.599629 320.548466 4.498145 0.125000 27.343865 
290.949807 290.978518 297.164164 307.242137 6.626149 0.125000 12.892879 
289.660002 374.382788 290.070533 359.359848 3.919330 0.125000 7.965522 
741.710471 67.839610 781.927279 30.788549 11.444670 0.125000 122.306218 
751.778538 275.699956 750.102038 245.584526 4.647428 0.125000 31.924625 
296.592366 308.011951 299.236874 330.641142 4.385840 0.125000 2.563891 
291.807803 105.631090 290.204182 87.936568 4.866769 0.125000 12.405272 
288.167024 183.557320 246.821669 187.576369 4.855605 0.125000 42.710543 
694.489724 275.613470 690.322864 234.154104 3.849927 0.125000 22.577535 
581.822736 16.419915 629.554521 10.938156 5.537825 0.125000 67.389605 
136.162621 192.852787 189.839256 211.810512 5.898105 0.125000 70.529339 
283.170847 194.987804 302.002479 193.578903 4.146735 0.125000 19.455970 
400.996812 318.223282 397.066394 283.103580 7.861559 0.125000 53.717528 
230.199751 61.296969 277.560924 40.973452 6.232056 0.125000 65.923935 
309.232465 210.298658 280.491399 212.897463 4.979684 0.125000 24.474901 
122.069755 340.767483 116.962730 302.944374 5.388897 0.125000 47.938137 
744.455980 233.440345 767.069705 227.633206 3.910142 0.125000 24.576947 
300.638488 310.623189 297.933793 290.482812 4.622771 0.125000 15.351886 
515.220611 119.274733 512.210724 93.890542 7.217275 0.125000 38.341694 
782.792616 90.652045 786.361847 134.518461 5.490393 0.125000 42.887354 
332.414225 293.040007 335.773374 314.351613 4.482760 0.125000 13.671421 
630.089005 10.805375 644.610375 16.246869 6.293803 0.125000 11.616027 
240.985643 325.712520 238.257411 297.988959 3.731973 0.125000 18.374347 
573.404177 283.087427 574.440084 290.784472 3.216308 0.031250 1.124016 
221.972302 278.121177 221.481885 265.640447 4.090665 0.125000 0.525658 
502.018954 295.612608 503.416667 311.849893 1.888619 0.062500 1.241077 
645.164512 15.857027 689.667173 29.684677 5.064724 0.125000 52.468954 
723.123665 386.907140 733.158276 387.324010 2.705383 0.125000 1.138094 
102.830632 180.160669 122.558037 187.551974 3.953253 0.125000 11.161534 
468.338999 120.720415 467.813823 108.137988 4.839266 0.125000 15.539716 
185.037089 301.554110 190.785598 335.807825 7.810332 0.125000 64.020328 
347.057958 291.852281 349.885405 314.622059 4.653819 0.125000 19.957557 
643.732234 195.591206 645.473738 226.883418 2.635055 0.125000 24.764070 
164.792036 338.218571 160.415437 299.258123 5.387369 0.125000 44.491418 
437.672649 544.532894 448.811640 488.260920 3.666048 0.125000 82.713815 
734.294183 247.650439 748.070399 245.304378 3.080885 0.125000 0.309544 
695.877992 165.609489 698.339931 205.765097 4.225691 0.125000 47.989725 
818.714406 134.427141 817.130079 114.354866 3.738373 0.125000 8.792897 
635.263785 200.648772 637.158453 229.438609 2.740860 0.125000 20.307044 
713.439576 255.331001 710.490187 239.635220 5.449954 0.125000 4.342276 
315.180416 294.237491 320.334276 324.424635 4.928683 0.125000 20.495168 
392.671039 295.495255 396.603563 319.622976 3.847779 0.125000 11.616027 
478.040585 106.735315 479.830453 121.670616 4.964477 0.125000 14.437839 
323.585713 208.975185 328.133957 199.996348 5.039851 0.125000 1.549720 
248.957198 293.970239 255.922796 329.803090 7.908057 0.125000 71.280037 
678.669948 175.674517 681.309136 213.252532 4.111968 0.125000 27.080084 
205.608018 283.321983 221.952071 284.731001 4.552067 0.125000 5.449566 
251.834067 182.721241 321.999984 175.607833 5.513135 0.125000 83.869986 
359.297907 71.228766 484.455283 56.297969 3.244589 0.125000 98.809688 
516.463857 254.507355 521.191341 269.192684 3.651087 0.125000 11.865803 
271.271854 244.526391 319.144612 257.711499 11.826439 0.125000 143.341458 
202.666908 355.376976 197.473774 338.795968 3.880133 0.125000 3.648111 
265.388482 288.366626 271.455712 325.693153 7.633906 0.125000 76.736548 
776.809395 138.130686 773.223730 96.758109 5.628907 0.125000 41.250730 
450.424182 478.603394 459.117811 436.821486 4.188327 0.125000 41.104883 
662.632915 220.578060 660.623009 188.125123 3.974633 0.125000 33.397025 
725.641054 243.911159 730.688942 251.834262 3.349278 0.125000 0.690777 
348.087886 136.587636 374.383586 133.191477 2.081442 0.125000 1.282221 
515.665294 120.985663 503.043532 122.395807 3.039704 0.125000 4.155799 
652.965071 188.135432 655.248965 223.149528 4.040575 0.125000 17.679881 
811.322741 218.099267 810.215758 241.855931 4.878215 0.125000 16.521149 
302.358389 324.466578 300.591725 309.677621 6.057608 0.125000 5.786545 
417.080804 74.066567 408.407291 74.881071 8.168366 0.125000 13.602960 
507.171056 244.117878 515.965340 254.243802 3.725897 0.125000 5.836667 
485.513814 55.884989 554.377923 48.151024 3.348180 0.125000 64.764841 
734.603238 140.712721 736.761283 165.849394 4.912401 0.125000 16.903813 
825.368784 213.137430 824.518877 195.618020 4.169579 0.125000 6.210607 
280.700928 293.112391 285.683243 323.115328 6.779882 0.125000 52.660346 
652.267231 224.341392 649.475451 191.759287 3.843024 0.125000 33.288767 
219.424897 231.392696 270.854705 245.054763 12.401930 0.125000 151.838599 
755.145591 313.165154 752.104450 276.855782 5.191214 0.125000 38.592597 
333.099421 46.693935 348.152181 44.567403 7.265142 0.125000 16.755815 
196.256987 319.461875 192.345087 291.633206 3.693680 0.125000 29.654985 
685.919649 39.878174 609.060453 47.419015 10.783114 0.125000 272.126643 
732.233201 166.843491 730.250006 144.298031 3.845108 0.125000 27.377032 
635.367714 166.597118 702.969016 104.006397 9.545565 0.125000 271.659665 
548.506301 428.550543 564.248699 460.686870 5.040090 0.125000 34.749564 
90.200996 175.309597 101.882222 180.609081 2.675222 0.125000 5.653544 
499.103426 178.106958 498.023112 194.368231 1.910137 0.125000 2.560122 
642.816317 228.051167 640.462334 198.039714 3.445283 0.125000 19.551720 
233.395308 268.106802 235.925459 305.688926 3.501922 0.125000 33.520867 
324.443607 180.046526 290.663084 183.497761 5.255141 0.125000 29.536198 
77.775050 171.977840 89.531749 175.019037 4.840668 0.125000 0.343734 
574.394518 291.725720 577.200290 315.586750 2.774852 0.125000 9.595894 
827.960720 246.936708 827.354796 233.049526 3.964388 0.125000 3.607305 
304.607054 289.685961 308.331107 316.846740 5.972457 0.125000 30.634530 
821.999846 173.116469 820.627963 153.039384 4.562294 0.125000 7.673162 
712.785437 314.254522 715.309969 333.332100 4.300858 0.125000 13.551167 
711.300142 191.912671 709.815947 169.264189 5.664448 0.125000 15.716349 
493.115871 373.052142 468.039682 376.194061 6.198585 0.125000 13.210478 
57.998869 269.613254 98.134342 273.014765 3.187619 0.125000 39.002844 
348.174272 43.894296 372.066443 42.364051 6.765598 0.125000 27.170707 
464.847525 406.991015 466.797437 399.049056 3.300589 0.062500 2.016367 
507.174261 63.648704 495.665847 64.787712 9.076797 0.125000 20.354977 
277.712856 339.425820 275.075650 318.038604 3.399063 0.125000 17.764729 
284.492241 75.472135 304.530570 73.330818 3.149948 0.125000 12.733323 
509.150405 25.756123 519.486668 23.681301 6.619781 0.125000 5.417975 
532.876154 396.998686 548.384527 427.995152 4.475939 0.125000 38.998771 
692.930655 205.629525 691.999113 165.622110 5.202327 0.125000 37.148401 
655.714636 443.941054 661.438577 461.611460 2.976053 0.125000 0.044195 
663.690958 185.494841 666.034054 218.185275 3.825463 0.125000 23.221624 
304.463682 110.016818 294.312061 111.419493 6.362270 0.125000 3.091997 
296.387406 40.639957 309.787387 45.805149 5.831753 0.125000 6.778852 
265.991657 375.581230 260.036468 325.695257 3.130890 0.125000 37.723620 
413.062924 36.115953 425.784520 35.075556 5.289024 0.125000 8.953292 
628.324410 215.617422 628.753135 226.898633 1.581389 0.062500 1.740154 
443.345111 279.411698 447.130189 256.709140 4.110509 0.125000 18.384034 
676.872660 213.125096 675.389195 176.884652 4.382321 0.125000 32.773824 
44.952824 318.038585 49.112269 345.851232 5.800419 0.125000 29.364299 
247.723827 388.166653 241.352198 326.799496 3.132088 0.125000 51.964266 
276.810857 112.595156 264.193127 114.122670 5.904240 0.125000 10.573351 
352.465884 293.283070 353.693611 269.276227 6.433370 0.125000 37.723620 
466.121574 398.288465 469.086962 389.280182 3.108446 0.125000 0.795055 
427.738400 259.057942 432.930359 273.196476 4.189622 0.125000 10.175492 
816.403383 105.806476 813.872453 81.796211 4.384523 0.125000 8.128901 
151.487165 321.758119 152.553244 329.621970 3.693347 0.125000 3.847364 
567.452516 275.572147 571.340860 318.059486 4.987525 0.125000 43.723674 
531.958089 268.210391 530.846310 253.017334 5.716483 0.125000 18.787401 
192.479564 290.727861 187.467923 259.280508 6.118041 0.125000 36.591732 
315.579593 49.028383 332.199381 46.851177 7.436462 0.125000 12.690836 
318.968728 342.215892 326.574044 351.279841 5.437211 0.125000 1.393034 
579.278083 44.595774 598.096631 42.823731 3.499109 0.125000 3.648111 
115.520819 274.347736 145.621811 276.912434 4.132994 0.125000 22.439653 
271.539588 326.753312 274.056148 345.667424 2.887702 0.125000 13.779700 
608.041023 40.944965 630.582974 38.909564 3.734806 0.125000 4.016765 
887.866113 295.360582 892.556927 312.943070 2.496622 0.125000 0.309544 
817.531391 253.101689 818.109335 269.375556 3.836366 0.125000 1.846300 
172.146817 403.229166 165.336105 339.272652 3.199461 0.125000 75.479991 
631.826799 38.907403 688.122864 33.104277 3.678711 0.125000 36.218405 
520.525487 23.433598 532.043190 22.216093 5.497904 0.125000 1.846300 
516.843594 127.826866 578.202752 121.363085 3.402925 0.125000 54.264070 
256.928227 78.564428 276.937472 76.140750 3.083104 0.125000 12.658127 
131.411104 411.938681 122.468396 346.793542 3.546342 0.125000 67.062545 
662.359552 226.968841 665.869013 255.595085 2.481422 0.125000 15.201547 
496.101209 238.400890 508.162913 244.297447 2.844987 0.125000 5.214211 
533.216439 170.525213 566.951980 167.843332 5.875806 0.125000 35.181223 
378.098373 40.253787 386.892786 39.622956 2.851328 0.062500 2.944274 
452.998499 31.736306 473.285623 29.888277 7.355677 0.125000 26.045957 
489.363949 329.275000 501.849607 327.895217 5.388377 0.125000 0.228788 
233.511933 354.287090 228.675578 332.999911 3.046308 0.125000 3.365715 
438.093262 33.111842 453.083798 32.735187 6.436415 0.125000 10.851632 
411.919795 214.835220 506.992433 205.581504 3.841833 0.125000 81.459202 
424.480706 182.652120 449.360434 179.267917 6.252228 0.125000 26.321956 
787.339850 134.380357 778.260302 140.107948 4.619188 0.125000 0.762458 
217.031063 394.491071 210.783363 335.608197 3.257527 0.125000 64.443591 
532.920147 22.003506 557.949340 19.841452 5.842057 0.125000 29.963856 
102.363558 308.916297 107.842102 344.610279 9.700390 0.125000 71.948731 
428.065135 137.569822 493.250716 130.540872 3.618282 0.125000 47.128514 
278.097667 41.833630 286.193142 36.484901 6.592747 0.125000 2.323872 
390.518814 39.891336 412.218831 36.750619 6.885506 0.125000 26.272072 
555.555535 47.503243 578.191948 44.974229 3.462920 0.125000 9.034386 
325.940643 214.329982 315.638647 211.819011 3.643341 0.125000 0.706750 
580.100402 320.662374 577.511967 284.329621 3.829347 0.125000 24.983624 
557.715469 20.556367 576.195018 17.610070 9.768161 0.125000 38.632458 
404.758767 425.068561 398.790738 439.126971 2.764614 0.125000 2.467563 
407.377224 63.212399 411.287917 40.740364 2.303042 0.125000 5.073023 
647.201147 456.581079 619.216157 429.539384 4.221821 0.125000 46.224463 
461.990669 418.852304 465.020225 407.956838 5.152110 0.125000 4.734047 
62.741412 318.175770 62.409839 299.343575 7.630867 0.125000 37.887186 
286.167626 36.946257 295.569015 41.979571 6.100007 0.125000 9.453653 
148.062157 300.822871 151.138276 321.232442 9.143137 0.125000 39.116465 
198.654280 219.534272 219.781876 229.786520 7.805787 0.125000 29.382620 
310.063291 45.153070 316.316367 49.667331 6.248964 0.125000 2.739972 
489.365777 175.593148 497.287444 173.299430 5.498038 0.125000 0.309544 
473.968100 30.079926 509.010518 25.397361 7.930606 0.125000 53.262562 
152.805386 330.482603 154.171155 339.406199 3.605896 0.125000 2.560122 
414.227395 186.846658 410.345946 207.061432 1.643482 0.125000 0.690777 
507.987024 204.548874 574.269279 196.050443 3.529201 0.125000 62.036535 
613.623631 560.372320 620.196138 573.342324 4.490125 0.125000 5.417975 
282.052246 380.756546 280.033567 364.294244 3.249261 0.125000 1.282221 
425.438466 35.952405 437.217863 33.570795 6.634860 0.125000 4.535968 
198.706330 334.471759 196.654910 320.295088 7.780721 0.125000 12.588923 
566.059008 240.502098 568.528966 274.345518 6.479266 0.125000 44.518645 
600.167537 532.096585 613.569588 559.765124 6.169789 0.125000 22.870945 
450.591880 110.629020 451.955802 121.865192 1.994030 0.031250 4.791338 
0.567740 266.570094 36.911531 268.772038 4.536477 0.125000 33.237936 
399.265689 279.581175 397.170827 265.769725 7.977542 0.125000 1.067786 
534.727234 28.108008 535.391894 41.886245 1.850846 0.125000 0.690777 
78.492003 434.477165 69.209458 354.249525 3.591744 0.125000 94.559824 
748.096155 249.117708 734.378431 250.655602 3.041496 0.125000 0.938302 
159.291923 277.793791 183.185649 279.954253 4.529424 0.125000 12.740452 
575.482244 196.712411 603.204414 193.910807 3.215073 0.125000 15.959348 
476.697102 176.574460 488.225594 175.251766 6.209266 0.125000 3.489056 
415.713195 651.893032 423.964668 611.535529 3.673993 0.125000 40.345863 
438.444595 593.180179 435.821210 608.374693 3.057316 0.125000 4.147856 
500.761730 34.369182 501.454178 50.642906 1.833404 0.125000 2.420167 
446.792873 256.794339 464.133803 239.138110 4.363498 0.125000 18.601154 
608.044773 164.825230 620.792668 163.546461 5.848381 0.125000 5.449566 
185.386384 221.498622 196.808521 224.618393 3.176557 0.125000 1.554684 
238.123940 70.614894 323.106384 61.697587 2.409363 0.125000 90.083848 
345.609981 146.743534 405.682770 139.880678 2.874485 0.125000 63.818820 
380.627587 186.914922 395.564854 185.946904 4.146337 0.125000 4.153291 
42.556070 303.196791 44.147856 315.811395 8.066959 0.125000 9.762198 
484.157878 106.899086 485.542859 119.384112 1.931473 0.031250 1.739609 
354.275244 219.551542 411.743603 214.211053 3.474928 0.125000 42.710543 
433.805918 562.015791 437.233119 545.440589 4.473051 0.125000 14.534921 
633.223071 236.879899 633.345725 203.125802 3.795397 0.125000 24.005271 
568.016616 466.924941 577.406914 487.303924 4.619001 0.125000 24.700440 
255.185450 329.284073 260.941564 380.589484 3.459982 0.125000 49.889646 
159.737567 298.228007 157.540280 279.297779 3.492192 0.125000 18.829940 
488.223733 133.943695 463.136358 136.969181 3.766728 0.125000 21.380037 
579.383148 166.823771 595.640893 166.713268 5.016877 0.125000 9.815731 
276.870359 79.328341 258.057823 81.199660 3.731584 0.125000 5.672602 
286.445666 103.166710 283.763918 75.562928 2.971766 0.125000 8.012965 
577.527082 487.199204 584.184935 499.478057 4.805684 0.125000 0.961743 
10.526821 475.403406 7.191006 458.064205 3.635739 0.125000 16.212389 
566.836788 167.112861 578.143536 167.403245 4.998352 0.125000 0.799719 
894.070875 321.952867 899.107249 341.623510 2.421878 0.125000 7.544418 
458.118535 56.874728 458.804406 40.600952 1.933153 0.125000 0.690777 
511.576334 173.188658 531.582160 170.736185 4.986790 0.125000 14.449976 
785.537402 224.269247 787.034438 240.724217 2.941795 0.125000 5.197440 
369.658542 470.679511 365.308888 493.304540 4.202114 0.125000 1.226711 
621.809125 163.109602 636.963276 162.320691 5.253182 0.125000 13.991372 
615.695629 259.357605 619.393198 274.370518 4.537986 0.125000 5.672602 
133.440338 433.257712 131.278482 418.032213 4.598899 0.125000 0.875859 
365.285416 48.032328 360.811617 64.425928 1.864082 0.125000 3.847364 
421.978406 403.192481 415.534946 413.066232 5.597762 0.125000 3.863855 
491.824332 118.130943 490.505801 106.888980 1.969541 0.062500 0.590165 
565.644289 220.579395 566.321935 239.439783 3.747582 0.125000 7.226911 
236.488881 306.778466 237.899299 319.400221 2.068084 0.125000 2.041184 
370.020095 47.974025 364.954607 68.269661 1.824227 0.125000 2.404859 
408.761433 40.509763 406.139202 54.471575 2.226306 0.125000 0.690777 
304.428692 76.065397 285.352648 78.391090 3.571161 0.125000 1.278372 
465.750898 35.626212 465.558448 55.624360 0.817401 0.125000 0.235004 
579.364821 124.271759 553.123436 126.859133 4.625338 0.125000 18.049364 
351.841144 189.900031 370.666837 189.020876 5.694290 0.125000 12.588923 
404.342357 142.853506 375.557595 146.314376 4.170834 0.125000 13.631666 
424.007124 610.800895 432.300230 569.210541 4.903469 0.125000 40.174554 
470.798883 34.372739 471.075332 55.635397 1.493655 0.125000 1.138094 
399.389650 189.377425 396.704743 205.596816 1.845646 0.125000 2.041184 
584.286269 500.012639 590.831653 512.425178 4.604005 0.125000 9.453653 
183.815695 408.404406 197.050298 405.070981 5.764483 0.125000 9.579939 
459.491527 177.996433 475.824946 176.299246 5.231605 0.125000 6.778852 
39.241039 270.476239 43.442851 301.999249 3.386812 0.125000 34.814501 
490.568440 401.504953 501.848331 401.111140 3.253560 0.125000 2.041184 
370.623054 146.857022 345.511381 149.575430 3.728219 0.125000 20.553116 
460.767436 136.909139 434.288611 139.846161 3.313729 0.125000 22.859638 
903.371122 194.247000 901.939837 219.449671 3.999713 0.125000 10.949643 
190.990884 339.325268 199.680191 403.253421 3.775953 0.125000 45.260785 
540.629237 376.998340 561.939973 376.266201 5.168728 0.125000 9.562652 
384.558121 266.841315 387.531320 283.004269 4.917493 0.125000 8.512751 
692.154843 321.609151 693.977055 340.663057 4.977291 0.125000 16.356014 
897.588720 258.421476 905.403162 272.556592 3.023907 0.125000 4.991270 
697.874161 330.630235 697.826188 316.876042 3.780496 0.125000 2.340736 
648.199011 361.373956 616.884233 364.468435 3.117202 0.125000 24.624519 
896.215529 318.399913 889.136289 269.229401 4.583045 0.125000 44.305798 
447.530683 58.185240 448.918178 43.083030 2.146434 0.125000 1.554623 
527.225181 320.597570 525.368559 296.895087 1.516227 0.125000 1.554623 
665.171625 474.849732 647.895828 457.098028 5.182733 0.125000 15.180388 
320.221800 258.080289 341.217486 265.103876 10.285026 0.125000 50.142747 
536.941990 128.636487 524.330886 130.288174 5.710094 0.125000 3.648111 
116.127854 296.969947 113.410748 275.588688 3.425543 0.125000 20.422048 
244.857049 289.853660 248.711906 296.038303 5.965247 0.125000 2.467563 
563.581369 460.262319 569.044970 467.137278 4.893031 0.125000 1.759707 
100.899272 295.635612 101.048209 309.329612 10.067380 0.125000 9.084015 
484.693843 235.457037 499.507010 238.787925 2.590687 0.125000 3.287267 
548.181735 127.337491 538.027855 128.583094 3.090198 0.125000 1.677102 
321.915822 58.511535 234.467089 67.746971 4.492397 0.125000 139.180820 
518.141564 371.206644 498.091921 370.709762 4.120474 0.125000 17.027209 
239.087397 296.919582 238.793495 286.783131 6.211147 0.125000 0.550439 
99.806729 274.321905 102.285593 294.478232 3.396774 0.125000 23.915411 
951.879548 295.998934 936.881767 296.181354 2.606234 0.125000 1.554684 
328.025224 74.673183 358.087975 71.521795 3.729564 0.125000 13.033671 
842.304529 119.451622 840.066378 131.998332 4.702780 0.125000 1.559699 
503.945833 294.624225 499.817496 266.809324 3.525849 0.125000 7.559580 
250.313069 229.410036 245.798362 189.215127 3.753605 0.125000 28.069057 
457.844310 120.654308 456.797965 110.633043 2.022101 0.062500 0.590165 
79.350755 444.475764 78.844059 438.068139 3.935407 0.031250 0.580511 
185.855887 285.638312 185.272954 295.748842 3.546340 0.125000 0.797122 
532.123308 254.958554 540.575150 242.255135 5.891747 0.125000 6.199826 
584.354653 396.895088 571.935225 384.315542 3.569428 0.125000 11.849991 
249.248294 384.555826 258.315360 383.481302 6.794993 0.125000 1.846300 
635.970156 35.930203 628.640905 14.200986 2.011642 0.125000 0.762458 
481.876486 380.873330 501.890725 380.753596 4.992433 0.125000 24.700440 
384.917582 241.816554 387.888869 269.400436 4.493721 0.125000 12.690836 
902.823201 175.642344 902.503213 193.136491 5.159185 0.125000 15.782224 
7.271210 456.817348 -0.161111 405.739387 2.967990 0.125000 59.905593 
60.377892 299.594116 56.127218 270.551495 3.529448 0.125000 30.527411 
154.646756 344.507713 157.689215 366.934120 4.556165 0.125000 7.801198 
676.248827 294.418312 674.780009 273.183448 2.839067 0.125000 2.828517 
557.912187 243.298365 564.191356 251.006308 5.455488 0.125000 1.015687 
621.080186 573.515791 645.753223 623.697362 4.318889 0.125000 49.133388 
626.141429 205.765180 627.183792 220.514840 6.586924 0.125000 6.831908 
888.610004 268.316812 885.734262 256.847604 3.333394 0.125000 1.631015 
318.157814 65.943220 239.471127 74.057204 5.397043 0.125000 180.828991 
495.650029 33.124150 496.287767 51.894951 1.716166 0.125000 0.690777 
497.988931 477.395758 511.952492 474.790306 3.124216 0.125000 1.631015 
609.049514 192.908253 636.197258 168.617543 5.148289 0.125000 51.663357 
646.158148 624.110151 677.245984 686.690708 4.412730 0.125000 71.978979 
173.138177 280.617715 179.072520 291.351130 5.816789 0.125000 6.199880 
147.222959 278.092186 148.752924 294.315784 2.958399 0.125000 12.878264 
219.066855 394.371195 232.138065 392.762515 6.508571 0.125000 7.072033 
266.924383 378.610521 274.473426 377.842693 5.227310 0.125000 0.797122 
483.149478 587.497933 456.890905 588.529755 1.909107 0.125000 10.539807 
575.092896 242.049860 572.858564 219.278492 4.854039 0.125000 5.982771 
944.364509 299.893726 958.134157 300.172205 2.651139 0.125000 3.444029 
121.417389 437.626174 137.850548 433.326145 5.210012 0.125000 8.574939 
626.828769 238.137894 630.100773 249.869827 4.758740 0.125000 3.363568 
690.484699 498.270987 669.420368 478.027131 4.400993 0.125000 27.535743 
594.254816 519.430233 598.446703 528.551615 2.885423 0.125000 0.795055 
220.430218 335.514490 226.209100 390.694738 2.700681 0.125000 48.325912 
520.471935 277.985674 524.946084 313.211232 2.775097 0.125000 21.639688 
545.748011 242.040402 557.135077 243.331877 5.928452 0.125000 1.278372 
256.585687 91.908870 255.252636 80.522254 2.337695 0.125000 1.138094 
672.400560 280.590637 673.301078 294.363487 2.413118 0.125000 0.690777 
813.893963 80.756375 812.747759 65.653630 3.550056 0.125000 9.235713 
399.124487 265.422423 407.590277 254.953410 5.315917 0.125000 3.187697 
498.782603 46.894393 498.331622 33.118236 1.658315 0.125000 1.138094 
710.522495 168.250460 709.723553 151.677420 6.949597 0.125000 10.496519 
150.460829 419.803787 161.999362 417.497080 6.618817 0.125000 6.707050 
823.129103 361.333593 804.370707 361.191427 2.585187 0.125000 5.824757 
140.416050 288.204373 144.208559 298.188225 6.730428 0.125000 0.490342 
313.111808 666.451438 338.165368 665.671159 3.082464 0.125000 4.691951 
646.349986 238.428446 634.237848 244.081121 6.116766 0.125000 3.795640 
899.301366 243.121447 898.579219 258.086599 2.497094 0.125000 3.287267 
882.321232 264.317974 885.053471 285.698038 2.507545 0.125000 5.354683 
414.700989 412.049711 407.581532 425.333733 5.076651 0.125000 4.234165 
51.684017 531.687496 63.967205 530.055582 3.290463 0.125000 0.120096 
354.385149 636.453257 341.862320 636.151890 2.529349 0.125000 0.690777 
375.051970 258.682373 383.088504 266.944652 4.480199 0.125000 3.732553 
518.209917 230.616739 520.895135 258.220319 3.403170 0.125000 9.907302 
465.566143 239.099727 484.263180 235.102024 3.844040 0.125000 5.937278 
407.943262 256.106279 419.437701 255.071479 4.867781 0.125000 3.363568 
419.546088 254.383758 428.090254 261.707173 5.694355 0.125000 7.153798 
906.291705 342.138250 895.951756 319.227530 4.627813 0.125000 11.736486 
663.234730 251.862276 661.644937 238.151677 2.195406 0.062500 0.111275 
495.637845 506.794601 505.778417 508.414769 4.542955 0.125000 1.116323 
878.665019 283.302700 875.205356 269.480032 8.488169 0.125000 17.077714 
928.385137 230.679141 932.582426 210.512076 3.161930 0.125000 2.604020 
162.246610 302.874004 168.662346 280.421362 4.807320 0.125000 18.836484 
388.662883 47.971614 384.838929 65.724927 1.673289 0.125000 0.690777 
648.988234 186.330295 629.791172 199.961119 7.725484 0.125000 25.593029 
945.185412 204.263285 941.675525 218.074306 3.346631 0.125000 1.926545 
408.281938 686.910690 413.184255 665.354204 4.100919 0.125000 16.594276 
629.553689 200.797281 621.402666 208.899841 4.427304 0.125000 0.240933 
344.984856 164.419150 343.943388 149.318557 1.720016 0.125000 0.235004 
397.720003 439.125028 389.160614 452.992677 3.440476 0.125000 11.865803 
343.448323 659.136734 366.809814 651.671021 2.811015 0.125000 1.699378 
939.520548 223.167594 938.984590 240.727540 6.132688 0.125000 14.245528 
10.618438 503.107568 24.310409 497.953414 3.509574 0.125000 9.269470 
80.578719 436.159421 93.187666 435.343913 4.306925 0.125000 4.375604 
132.468980 277.624826 140.929051 287.671557 3.371608 0.125000 6.768952 
549.388235 367.046128 539.255493 367.829801 3.449671 0.125000 1.677102 
577.442605 251.376519 583.945510 242.474372 6.986839 0.125000 3.059258 
339.320459 624.469400 356.899294 623.639731 3.745830 0.125000 1.699378 
430.991678 243.104660 432.032419 261.866268 3.675010 0.125000 1.278372 
705.683003 353.511842 691.868724 355.583146 3.028420 0.125000 6.987150 
678.129567 601.829116 700.655228 604.071327 3.979186 0.125000 6.934797 
769.752588 573.984272 741.790456 546.962486 3.958213 0.125000 45.030244 
877.793266 271.281660 872.881772 250.101670 7.412116 0.125000 39.970723 
227.388868 335.560455 233.977850 388.017877 3.115676 0.125000 61.495781 
395.253458 265.771802 392.978066 240.638302 3.960135 0.125000 18.750136 
608.297581 594.557367 588.216131 591.311240 2.505121 0.125000 1.549720 
81.436365 272.581869 97.443538 296.494418 4.523996 0.125000 20.879967 
360.544958 601.874024 360.788880 581.861762 1.265142 0.125000 0.235004 
885.628144 201.875104 884.926574 223.143195 2.663486 0.125000 7.677153 
410.773827 109.493777 408.879158 91.928484 2.924056 0.125000 11.144631 
496.825813 621.696920 507.079348 618.864842 2.989654 0.125000 0.795055 
802.625933 679.466206 800.334545 666.928082 3.133429 0.125000 0.120096 
61.767182 461.873696 73.683984 455.404732 7.878279 0.125000 10.379520 
210.666004 345.639557 207.881687 353.482388 2.985527 0.125000 0.235004 
444.332906 286.878912 447.463821 320.570281 1.591627 0.125000 8.383545 
109.068009 351.536229 114.712122 388.072922 4.077563 0.125000 23.774122 
579.506805 263.415642 576.146983 250.489326 7.354829 0.125000 15.782725 
30.840532 458.141481 53.327451 454.314619 9.884251 0.125000 44.789469 
635.629079 680.578997 619.395871 679.139616 2.017936 0.125000 1.677102 
500.596076 118.265514 499.209277 105.643208 2.621561 0.062500 3.919928 
719.346419 594.821424 736.854683 595.942346 1.949757 0.062500 1.681178 
927.040004 399.839913 967.109055 408.261372 3.802471 0.125000 36.118404 
582.354223 242.846191 595.892014 236.166129 4.513265 0.125000 15.217435 
924.455810 203.120511 925.155778 215.720508 2.563561 0.125000 2.560122 
0.447225 507.748791 10.070423 503.201402 3.270681 0.125000 2.420167 
174.943105 410.115376 184.656434 406.351238 8.158800 0.125000 6.325430 
431.825027 387.661101 444.447855 386.301311 2.880073 0.062500 3.265289 
910.938658 168.490342 902.812471 175.466944 3.681344 0.125000 2.420167 
249.921409 181.816678 238.713579 76.812177 3.449348 0.125000 123.283007 
737.957718 324.370549 738.034818 343.125371 2.551365 0.125000 5.836667 
773.172514 628.395378 748.069089 632.806836 3.044358 0.125000 15.274217 
607.183056 240.369321 616.280766 251.330730 5.444097 0.125000 6.210607 
448.786001 655.992884 436.676880 664.078285 3.885197 0.125000 0.515189 
-0.058417 483.404671 15.400723 478.646353 5.697228 0.125000 13.191124 
356.445106 603.119144 356.401504 615.627707 2.526128 0.125000 2.560122 
937.237753 273.148090 938.035252 260.619287 1.882722 0.125000 2.041184 
331.784933 408.884081 311.770615 412.556043 3.485165 0.125000 8.346909 
819.715910 621.594281 790.657501 594.340348 4.218989 0.125000 44.848042 
120.219465 300.254241 124.130532 282.790312 3.786453 0.125000 19.949470 
315.691152 567.341190 307.270634 580.059336 3.141102 0.125000 2.739972 
387.313934 455.126935 379.001474 468.663231 3.588667 0.125000 15.881830 
356.903712 264.440662 370.740943 258.390158 4.437480 0.125000 2.140595 
449.745738 318.104056 447.911611 285.637055 4.357517 0.125000 27.947091 
703.843125 106.197589 742.805456 70.177261 6.874586 0.125000 108.131967 
615.113762 248.089065 614.882757 259.410864 5.126455 0.125000 7.807269 
125.607006 346.713213 148.106737 344.210796 2.071377 0.125000 9.650891 
573.203998 218.898388 603.146946 215.839849 2.206336 0.125000 18.184038 
661.256356 174.904510 654.883507 182.503120 5.299755 0.125000 2.122327 
595.694392 237.753659 607.998323 240.052889 4.995590 0.125000 3.607305 
701.464384 146.301152 692.484457 152.726733 6.686667 0.125000 18.690398 
711.418167 136.504270 704.770459 144.695924 6.428372 0.125000 6.755407 
103.097744 346.624498 70.574747 350.163128 2.568932 0.125000 8.290780 
445.615539 385.521635 460.604372 384.149642 3.451213 0.125000 1.549720 
335.579470 647.563429 309.299526 649.694088 3.636723 0.125000 18.560227 
358.899390 499.876325 351.552289 511.225308 2.838634 0.125000 5.214211 
401.814891 536.610058 387.009763 539.968993 4.527649 0.125000 1.699378 
638.135384 685.055329 608.145348 684.508672 4.113876 0.125000 2.338956 
893.213889 223.016861 890.999474 246.793459 3.764305 0.125000 8.115958 
923.633124 186.841811 924.619339 201.940687 2.250266 0.062500 0.507047 
310.588563 641.750039 326.908895 636.991242 3.949989 0.125000 12.689657 
206.495750 303.302410 209.824091 286.966500 4.150686 0.125000 8.953292 
370.688127 656.333059 413.184671 652.544298 1.650159 0.125000 11.108034 
959.373262 384.761928 943.129204 384.688969 2.550503 0.125000 2.420167 
282.933901 265.401126 147.059410 240.096814 19.746531 0.125000 741.990885 
371.867866 669.276201 409.352953 666.569657 1.953391 0.125000 17.825808 
791.276862 652.354687 781.382709 640.017342 2.935042 0.125000 2.584080 
898.008649 226.880358 896.277384 189.287390 6.029799 0.125000 46.310903 
943.863957 159.166580 945.329883 173.155925 5.103045 0.125000 5.937278 
824.697074 311.992648 819.932796 325.035357 5.554250 0.125000 10.949806 
340.656646 662.342195 359.321011 661.077952 2.947475 0.125000 1.015687 
729.450183 578.758065 698.195645 582.469852 2.211210 0.125000 12.769649 
923.429962 88.240657 916.270064 107.119642 3.627555 0.125000 3.489056 
671.590973 169.041925 662.080801 178.257449 10.549664 0.125000 17.679881 
135.411993 451.405049 154.256556 442.863681 3.612242 0.125000 12.201894 
892.453688 193.110524 892.237570 203.132818 2.580264 0.062500 0.111275 
11.707081 269.621728 23.738566 277.810133 4.133515 0.125000 8.508016 
5.635002 360.713154 40.610255 356.745033 2.087521 0.125000 16.909250 
529.421439 251.964232 527.741917 229.310727 3.554894 0.125000 10.062004 
918.140731 256.875235 918.328085 244.359328 2.555569 0.125000 0.690777 
533.044567 678.694722 548.129277 676.911171 2.268759 0.125000 3.444029 
768.392068 341.643702 758.093340 342.856052 4.673434 0.125000 2.739972 
771.200679 93.672761 762.612841 102.698298 7.112802 0.125000 11.867185 
65.048639 297.444582 72.609912 277.148794 5.144717 0.125000 22.953431 
749.202862 629.821250 769.349611 625.506452 2.940396 0.062500 1.120963 
739.398439 649.591207 720.598367 651.629330 2.051060 0.125000 2.467563 
135.657542 420.888822 149.454907 420.592231 8.694251 0.125000 9.457712 
840.649659 291.731021 830.726642 290.031530 2.886146 0.125000 2.041184 
182.882336 334.182567 176.946733 303.111297 3.393789 0.125000 19.749124 
350.226630 269.418341 347.509291 244.441987 1.538949 0.125000 2.404859 
363.375656 579.384619 362.080524 613.132887 1.968106 0.125000 19.066515 
393.171278 514.815233 375.602619 516.662093 2.094251 0.125000 3.257102 
684.722875 44.339489 688.032053 76.756888 3.222850 0.125000 33.304760 
97.803920 345.677192 92.068040 310.390433 3.841031 0.125000 27.377049 
286.238533 613.933206 275.147594 629.911285 3.394665 0.125000 17.084183 
356.747429 650.318057 346.448379 654.598527 4.617102 0.125000 0.762458 
762.089193 102.927411 739.047700 119.414516 10.612779 0.125000 63.782435 
894.690468 366.854477 895.020318 351.834270 5.273234 0.125000 2.647023 
586.834699 88.129058 585.451549 74.392465 2.362192 0.125000 1.677102 
692.374532 152.728311 681.423321 161.837519 7.364728 0.125000 24.799346 
708.085114 620.779414 728.044888 625.935142 3.863030 0.125000 1.163494 
251.986354 335.150527 244.110288 336.281414 4.600229 0.125000 4.328747 
440.868911 262.014722 438.754228 246.787615 3.983580 0.125000 1.092787 
703.082324 361.061336 736.870497 359.289154 2.365624 0.125000 21.289039 
841.973344 392.889561 853.950072 397.892294 4.715786 0.125000 1.846300 
9.321584 457.580152 29.495327 455.602339 2.878360 0.125000 20.102984 
616.870019 499.718260 634.384470 499.972422 1.983562 0.125000 0.309544 
735.671145 348.967844 721.955648 347.413407 3.047164 0.125000 6.987150 
294.207970 600.952319 286.657885 612.547550 3.726998 0.125000 6.683869 
614.235022 680.753696 635.645058 682.927441 1.735951 0.125000 1.554684 
887.314798 303.452778 879.047925 283.018732 7.421374 0.125000 23.311081 
323.705862 171.946086 313.600640 76.824471 2.508958 0.125000 72.675308 
738.858260 119.289665 722.270806 130.625027 10.320383 0.125000 45.821694 
669.443167 617.626035 648.141741 619.559444 1.472847 0.125000 0.795055 
339.217893 278.171412 282.545979 265.668079 16.711361 0.125000 341.131842 
379.373481 558.093025 400.634878 557.082928 3.271226 0.125000 5.963790 
785.326089 37.593473 797.077431 30.984966 3.063561 0.125000 0.797122 
901.529104 229.342335 900.231039 243.087796 5.212897 0.125000 1.599145 
189.388411 343.297150 168.073013 344.957664 4.321173 0.125000 29.995054 
811.757135 64.553385 802.891435 71.580318 5.841422 0.125000 7.342574 
836.858314 280.172637 846.844728 279.804285 1.617753 0.062500 1.766377 
260.381542 128.151786 258.449290 110.589321 2.348303 0.125000 3.306568 
375.532562 596.135192 390.609550 594.251349 2.170750 0.125000 0.690777 
894.938801 351.017870 891.718962 335.149392 7.598786 0.125000 13.510050 
151.674786 350.176726 125.493933 353.263253 4.455969 0.125000 26.020364 
579.353261 679.309353 594.363059 674.338939 3.559893 0.125000 0.044195 
265.741690 328.106344 261.750889 303.144843 2.255631 0.125000 0.515189 
516.799358 660.122672 533.241221 657.646810 1.408259 0.062500 1.766377 
625.637473 675.745415 609.431875 677.424071 1.604111 0.125000 0.235004 
611.829812 662.226890 629.361742 664.478244 2.672717 0.125000 0.525658 
321.921090 659.802996 304.401954 659.413294 5.137756 0.125000 7.370325 
705.802246 512.981663 695.629367 503.120494 4.515137 0.125000 5.742188 
37.249928 353.077084 34.025904 327.850113 4.167351 0.125000 14.954423 
209.582268 327.006131 206.718931 304.237430 3.252789 0.125000 11.559452 
855.715635 378.890996 815.713898 371.400272 4.610952 0.125000 37.821394 
940.949148 129.637151 926.344376 147.695864 2.873323 0.125000 7.549826 
24.202330 278.230216 38.817243 302.214866 4.786510 0.125000 29.939698 
62.971593 469.039702 77.952273 467.590047 3.732565 0.125000 1.794544 
463.499559 277.054099 468.609494 302.031608 3.507527 0.125000 9.051325 
966.911082 401.624744 942.938520 398.168382 5.317043 0.125000 22.681816 
74.403354 352.129901 105.683452 348.650483 1.933290 0.125000 13.601789 
749.549672 237.743280 763.248224 234.987538 3.429824 0.125000 4.967182 
753.510440 144.359766 754.254252 163.179177 2.794246 0.125000 8.406312 
288.204432 125.620499 287.066849 105.543304 2.754025 0.125000 7.582304 
921.175179 157.374705 951.476315 124.012891 3.200374 0.125000 34.144161 
45.740039 363.048058 11.825862 366.373936 3.976095 0.125000 15.907877 
681.917544 162.313995 671.521221 168.404759 10.077233 0.125000 8.397695 
401.848226 665.289716 378.149528 667.182164 1.250000 0.125000 1.138094 
339.602029 531.185068 315.169789 567.411037 3.832099 0.125000 34.256680 
720.602911 657.782224 733.131435 656.974862 2.816368 0.125000 0.690777 
215.815550 286.441352 221.855203 306.504673 7.657972 0.125000 17.724882 
221.931423 305.620879 222.664614 315.658628 4.013221 0.125000 9.265904 
429.509777 504.493238 401.908205 507.212097 4.467158 0.125000 10.162797 
106.877002 354.389542 71.852489 359.211492 3.499542 0.125000 16.611799 
742.571562 548.691454 728.940775 534.801112 5.303065 0.125000 10.502537 
790.669012 81.252204 771.979524 93.287316 6.910840 0.125000 24.810850 
486.853987 666.612941 468.124178 668.114745 1.745539 0.125000 2.041184 
681.833500 622.682252 660.652428 624.667616 1.361200 0.125000 1.138094 
500.678302 678.620771 479.405414 680.907890 1.550324 0.125000 3.444029 
789.475574 594.595666 781.726841 585.754857 6.231881 0.062500 1.192695 
145.071802 340.541153 142.663860 320.530076 2.930102 0.125000 17.665233 
841.651369 204.789036 828.057608 206.246388 3.011617 0.125000 2.404859 
470.700152 687.378056 495.702379 683.642964 2.529100 0.125000 3.863855 
534.319852 222.605106 550.651279 220.872743 2.749762 0.125000 2.584080 
741.900823 589.581951 720.515860 592.250329 4.340234 0.125000 18.223441 
627.109477 668.159142 616.030453 666.022563 3.034539 0.062500 2.162252 
804.185853 71.329476 791.393004 81.583186 11.518171 0.125000 30.867590 
893.054913 332.142898 887.398161 304.268830 4.687518 0.125000 16.637812 
391.910523 237.242439 409.368201 235.554677 2.007255 0.125000 1.677102 
608.345361 665.222308 587.785442 670.569371 2.880356 0.125000 0.343734 
333.169701 678.767211 320.729969 679.633075 5.332098 0.125000 2.140595 
911.395416 291.786754 913.987816 314.419349 2.806612 0.125000 13.498526 
317.535002 352.651881 326.848381 365.644082 2.319541 0.125000 2.420167 
472.971266 301.878109 472.415948 274.414612 3.976665 0.125000 15.001746 
691.888545 575.705614 667.973577 579.723774 2.278321 0.125000 4.542221 
766.618176 360.592782 768.026958 349.362701 4.498784 0.125000 0.762458 
105.635968 350.714088 71.935083 354.863040 1.583601 0.125000 14.684444 
607.126034 207.222291 532.741957 213.780428 13.147961 0.125000 276.728970 
156.563905 220.552110 218.446899 236.907013 5.697201 0.125000 107.323858 
329.389383 592.117763 311.876795 593.155299 2.569551 0.125000 2.584080 
406.854523 651.616140 373.117868 654.284845 1.478581 0.125000 8.516498 
728.224686 534.350894 711.392800 518.556752 3.308949 0.125000 17.757048 
718.124197 560.619254 739.309748 557.658147 1.610779 0.125000 1.677102 
847.991301 341.839606 848.234868 358.123357 3.749581 0.125000 4.389571 
918.813337 309.381336 918.629165 329.391145 3.830374 0.125000 5.889011 
404.186685 329.383592 403.671845 318.100049 1.872402 0.125000 0.235004 
409.348450 645.333447 380.609113 647.950539 1.250000 0.125000 0.690777 
601.930179 658.575190 584.387305 660.725389 2.305221 0.125000 0.797122 
134.026441 214.352363 154.833276 220.261294 6.680709 0.125000 21.518767 
34.448370 354.956738 0.606083 359.225009 2.044517 0.125000 11.937981 
143.181312 342.471420 124.480003 344.237129 2.184448 0.125000 4.111255 
665.650463 628.445051 689.349900 626.559521 1.250000 0.125000 1.138094 
742.296912 367.085641 760.136863 374.327501 5.068630 0.125000 7.152468 
630.628036 569.411233 654.420473 567.417714 1.454374 0.125000 0.690777 
51.099121 364.308894 59.814145 426.813770 3.344743 0.125000 45.528687 
764.720346 360.230222 744.307952 355.944329 3.352167 0.125000 0.550439 
810.619012 364.463286 845.711918 366.843549 3.847709 0.125000 17.498213 
580.678429 658.602392 605.645497 655.808141 1.520302 0.125000 3.444029 
97.528440 206.363942 114.845046 211.557858 4.550047 0.125000 9.815731 
393.101569 600.277554 424.377924 598.168354 2.157911 0.125000 11.937981 
749.411104 606.433280 739.319570 606.884042 3.913600 0.125000 6.100363 
636.932193 538.666692 608.107583 541.710036 2.023056 0.125000 10.953820 
843.792605 324.262438 846.525822 340.473116 3.504326 0.125000 0.044195 
46.932707 358.674876 0.667522 363.530183 1.834021 0.125000 27.594750 
711.848020 666.396489 681.872833 668.086569 1.581270 0.125000 5.824757 
739.213047 659.689724 722.805663 662.530835 5.139960 0.125000 7.072033 
142.203405 319.645361 134.320454 292.774299 2.958820 0.125000 5.153619 
232.243969 285.582020 230.055606 266.795718 1.858209 0.125000 0.690777 
761.812907 656.440995 785.612271 653.036027 2.124414 0.125000 6.683921 
36.920540 271.061125 15.597414 269.868009 1.727929 0.062500 2.672107 
274.755402 351.841873 276.394739 370.666823 2.056800 0.125000 10.168994 
705.472303 278.137889 701.988508 236.865419 2.806556 0.125000 28.216980 
716.924220 583.976484 735.544563 586.276262 4.962295 0.125000 6.199826 
359.478136 580.406670 340.666217 582.287296 2.487600 0.125000 6.683869 
316.863371 675.383409 335.630057 674.480050 2.497109 0.125000 4.991270 
376.890824 640.768456 401.862738 638.013835 1.516573 0.125000 5.214211 
0.442977 390.646790 3.428739 415.588640 2.779428 0.125000 4.131172 
532.427861 214.132601 428.053705 226.261480 12.936660 0.125000 383.105864 
779.301941 662.731452 796.933796 661.947685 3.413241 0.125000 4.734047 
494.784289 266.848543 496.001692 285.681453 3.984093 0.125000 7.479919 
247.123640 317.098867 242.567705 296.720137 3.659659 0.125000 0.111462 
427.747883 225.657012 355.851938 231.114587 12.575181 0.125000 220.231515 
648.048949 559.895445 631.844730 561.584621 3.134534 0.062500 3.831350 
381.973146 580.629008 382.486972 568.047891 7.697788 0.125000 8.717894 
462.588650 96.801054 459.999212 71.810322 2.273985 0.125000 17.393714 
740.477740 359.136964 761.821466 362.242885 2.967853 0.125000 4.639242 
259.541087 654.467013 251.184947 669.550204 3.752635 0.125000 6.541022 
684.132835 521.271369 696.903455 522.902169 2.311455 0.125000 1.677102 
711.081538 340.689586 708.327781 306.858494 3.839050 0.125000 31.213724 
357.159904 671.514513 342.995262 673.400719 6.360310 0.125000 4.291169 
457.430639 71.939185 459.743175 96.956514 2.374331 0.125000 13.601789 
548.104190 644.307717 563.205971 639.636790 1.932898 0.125000 0.795055 
849.111307 69.826325 836.723556 73.916305 5.139809 0.125000 1.393034 
259.495892 518.732774 278.249805 515.002444 3.190228 0.125000 3.607305 
364.398865 659.728613 391.858158 657.875442 1.250000 0.125000 2.560122 
898.130913 159.741912 903.193073 142.414518 4.597095 0.125000 9.286012 
726.982286 681.916890 708.154520 683.480462 1.762972 0.125000 0.795055 
964.517149 124.738861 950.893138 130.061354 4.602901 0.125000 8.146707 
429.369401 522.443466 416.870613 522.320360 2.524440 0.125000 3.847364 
147.066223 239.742041 77.258975 224.623799 15.329611 0.125000 254.399875 
375.566170 649.981142 400.585717 647.695071 1.352225 0.062500 1.064172 
410.616171 606.736265 391.862573 607.929733 1.882586 0.125000 5.653544 
665.567849 642.334089 693.104714 640.344267 1.607111 0.125000 10.168994 
903.738784 123.271967 896.538274 153.343679 2.585252 0.125000 11.750059 
223.410589 389.475157 217.165865 329.344793 2.649058 0.125000 40.781227 
658.271809 500.174097 644.367801 495.647110 4.367357 0.125000 2.323872 
885.266000 192.970391 890.589341 180.609643 2.312943 0.125000 3.847364 
924.675600 279.652983 923.081255 267.038517 6.984374 0.125000 2.187352 
157.546944 368.045424 159.479330 384.362645 2.188640 0.125000 5.653544 
270.774370 638.225523 260.130202 654.042011 3.450226 0.125000 8.146707 
56.318900 196.661841 73.383607 200.811534 5.153775 0.125000 7.370325 
429.011046 146.920724 432.934316 178.148956 1.564426 0.125000 11.429171 
881.041056 216.931025 884.248977 193.108030 3.978974 0.125000 10.371199 
920.323791 329.219174 918.421626 348.154797 4.106039 0.125000 8.512751 
332.517708 629.344192 316.585212 633.167350 6.028661 0.125000 2.211212 
661.880416 479.529339 645.650405 480.098918 1.643798 0.125000 2.041184 
725.496556 365.630524 739.484590 364.186795 4.243516 0.125000 7.807269 
723.116333 357.770937 704.377562 358.229653 1.341396 0.062500 0.590165 
114.451005 389.364478 118.450221 418.253023 2.343292 0.125000 16.099287 
355.664106 241.058002 381.925687 238.686239 1.639999 0.125000 5.896734 
864.361123 67.960248 849.362247 69.223596 3.107275 0.125000 2.584080 
620.559570 202.476668 606.948200 203.850327 3.476268 0.125000 3.306568 
33.287212 327.227682 27.439671 309.191923 3.920202 0.125000 13.707284 
881.988216 400.460277 900.557548 413.223139 3.476343 0.125000 0.111462 
573.057460 465.107153 589.356271 462.981400 2.479005 0.125000 1.631015 
688.136140 677.336277 675.613256 677.638717 1.551434 0.125000 1.677102 
384.260711 494.170993 368.161470 503.190099 3.999806 0.125000 0.120513 
836.889236 60.762003 811.770780 63.371987 1.969859 0.125000 4.240916 
43.418522 467.741892 11.965290 478.391664 2.750156 0.125000 6.934797 
745.462553 638.444102 760.654325 635.793047 2.052668 0.125000 0.795055 
904.423131 139.526591 905.913647 126.762737 2.918082 0.125000 9.265904 
60.671597 219.348742 50.548176 218.979127 6.337055 0.125000 2.140595 
912.358328 104.612030 914.440736 89.383989 3.026459 0.125000 1.926545 
77.198790 221.867526 61.650980 219.859841 4.437620 0.125000 9.762210 
698.111230 686.615776 723.173311 685.284438 1.767086 0.125000 5.896734 
619.080571 244.394214 618.425451 234.355393 2.576094 0.125000 1.138094 
904.893278 127.020138 910.956769 105.367859 2.985917 0.125000 3.365715 
40.632533 215.569780 25.571772 213.515177 3.377662 0.125000 14.684444 
428.520287 161.834750 426.869769 145.625533 1.496825 0.062500 1.766377 
83.953916 283.910925 94.332566 302.448935 2.573118 0.125000 1.794544 
49.438041 217.240729 40.643624 216.613766 4.987342 0.062500 2.204247 
323.082986 144.378934 324.718252 161.842859 1.594164 0.125000 1.138094 
25.458285 212.852277 0.543620 208.602045 3.095007 0.125000 25.256116 
499.313440 642.577683 514.403726 640.880395 1.801021 0.125000 2.041184 
318.154806 93.121824 323.478346 143.087353 1.986462 0.125000 17.152221 
0.499949 338.148046 3.924099 356.727730 2.932868 0.125000 1.794544 
176.399994 302.844403 171.964120 290.592733 1.925124 0.125000 0.235004 
22.456788 286.505004 31.562855 300.823513 1.725562 0.125000 0.795055 
148.051967 248.694888 135.569839 249.167193 2.733640 0.062500 4.330901 
61.889956 225.265131 44.420131 224.539082 3.539144 0.125000 3.933105 
