55.625008 199.374771 38.144296 198.794104 5.038743 0.125000 4.560061 
833.143446 228.859300 819.339356 229.206059 2.687553 0.125000 5.472955 
70.621865 203.012025 58.131486 203.358682 3.783236 0.125000 0.935734 
818.133083 229.223891 806.848507 228.620281 2.763498 0.062500 1.060487 
780.967387 596.419897 736.343401 615.640822 5.439419 0.125000 42.264489 
495.661775 231.875554 495.926078 214.341853 3.730734 0.125000 12.509068 
644.024266 230.662324 644.494697 219.328086 2.912545 0.125000 5.919773 
20.638302 198.918729 4.392864 199.190980 3.229200 0.062500 0.997282 
543.014482 233.120479 543.784306 214.299710 3.593609 0.125000 14.168834 
495.622358 213.547419 485.614933 213.484839 5.007719 0.125000 0.581868 
510.643628 234.159128 544.372296 234.587752 5.031364 0.125000 20.049503 
605.919062 140.548587 604.108124 163.203586 4.335686 0.125000 19.015036 
701.247718 134.405136 702.158827 115.578243 3.987304 0.125000 15.931440 
577.898395 135.656433 578.437746 118.096213 4.131981 0.125000 15.020958 
650.604970 232.991034 671.868607 232.683291 5.053744 0.125000 14.270574 
726.574606 126.861720 727.018262 116.826073 2.884003 0.125000 0.526161 
606.457902 115.643674 605.925679 139.381741 3.889152 0.125000 5.533746 
351.621399 208.131203 351.131737 188.112605 4.115674 0.125000 7.935368 
572.253195 179.464214 571.721924 166.828878 5.310656 0.125000 0.645220 
717.197125 632.115534 734.165880 637.530333 3.294185 0.125000 9.927891 
60.436526 209.632365 75.830897 206.709399 5.207598 0.125000 2.400689 
626.870632 232.850402 643.116521 232.591965 5.039132 0.125000 12.187514 
723.406405 115.569937 722.760863 126.925360 3.063542 0.125000 3.930666 
577.561881 159.367369 577.849777 138.121271 2.635264 0.125000 16.310034 
739.629810 647.384081 766.623661 633.872854 4.478295 0.125000 14.915922 
732.266378 116.842090 731.545102 135.660266 3.072675 0.125000 16.031800 
587.836748 128.116932 588.114460 118.194677 4.028310 0.125000 1.374034 
56.881133 234.658940 93.141216 233.875759 2.958289 0.125000 24.384232 
800.869957 588.588548 785.529815 596.694875 3.629838 0.125000 14.478812 
651.554608 214.417281 650.700980 233.185310 3.348561 0.125000 3.972701 
986.168563 386.912426 950.192935 402.101655 4.350520 0.125000 36.754721 
523.155003 213.916524 511.842637 213.717866 3.749422 0.125000 0.935734 
275.657446 271.436001 190.593563 274.839218 4.546761 0.125000 95.904093 
543.323953 214.187435 531.943106 215.166598 5.168798 0.125000 2.647927 
949.991032 402.223133 914.484756 415.909732 4.580655 0.125000 30.003171 
735.731454 169.252440 734.775932 178.167970 2.752176 0.125000 0.957505 
818.034499 581.695187 800.557720 590.491323 3.919008 0.062500 1.376836 
511.575055 219.287450 510.792890 233.134483 3.321060 0.125000 3.930666 
785.618428 289.496660 801.888477 290.375494 2.766045 0.125000 0.757712 
700.633496 159.375334 701.419967 139.357123 3.845253 0.125000 21.976176 
40.634783 273.636665 69.374277 273.087177 2.499543 0.125000 14.168834 
106.859903 227.003884 70.667234 222.764444 4.384348 0.125000 23.262479 
596.386019 116.878057 596.368922 128.126131 2.509496 0.125000 0.957505 
610.904913 161.773995 607.259600 196.784895 3.702818 0.125000 12.442509 
636.895983 214.747664 625.622536 214.478037 7.467968 0.125000 4.560061 
341.166782 210.633447 340.898093 188.106833 2.484914 0.125000 9.084131 
300.622616 270.570868 288.091868 271.122797 1.982587 0.062500 0.409576 
215.957133 435.622025 215.778010 415.623630 2.645443 0.125000 14.503854 
986.587961 391.187920 1008.681820 381.957850 5.182669 0.125000 7.526562 
0.628041 239.566839 35.619247 239.012104 2.737459 0.125000 16.072769 
731.510533 139.347842 729.729885 163.244587 3.646747 0.125000 24.461467 
768.105898 290.186923 784.433864 289.474939 2.933265 0.125000 0.128954 
324.702656 415.628152 324.883134 396.867863 2.511909 0.125000 9.211102 
0.607195 230.969598 55.653995 233.813829 3.464179 0.125000 40.797833 
49.456882 229.014275 23.101469 229.650995 5.028731 0.125000 15.316937 
767.397407 634.052977 786.324840 623.397724 3.743833 0.125000 21.015859 
314.394639 164.359503 314.552055 151.861486 2.641488 0.125000 6.376045 
145.632352 277.029430 86.896446 279.825511 3.567057 0.125000 56.967377 
942.606333 409.881098 963.377345 401.230938 4.135174 0.125000 9.909325 
189.405682 275.117604 155.610081 276.513922 3.478301 0.125000 31.272487 
1001.382318 380.600043 991.841029 384.287091 3.769127 0.062500 0.879834 
373.216262 300.218939 348.104397 302.934477 3.157453 0.125000 5.554943 
810.960137 230.642673 809.507074 258.197881 3.810621 0.125000 13.025922 
21.895150 228.835921 0.581482 228.039250 3.011849 0.125000 21.054747 
828.137048 256.796930 829.790869 230.572396 2.967085 0.125000 20.156539 
896.859601 366.386835 883.140473 366.109521 3.648186 0.125000 0.757712 
315.604681 141.667003 330.623345 141.959868 2.767600 0.125000 11.248582 
254.002722 429.392066 254.440969 406.851979 3.773591 0.125000 10.136857 
67.451030 263.463709 56.025414 256.241537 4.396048 0.125000 1.379110 
252.236132 404.398258 251.418156 373.136954 3.617933 0.125000 40.789166 
873.135535 279.214664 844.345560 277.323070 2.576574 0.125000 5.756689 
793.797139 618.934797 805.498488 609.222577 4.194073 0.125000 3.426716 
724.675099 373.141072 727.088893 328.069512 2.384620 0.125000 33.775141 
416.829972 179.260234 433.153451 179.907693 3.042991 0.125000 16.310034 
323.712207 394.413020 322.990482 358.102828 3.649896 0.125000 31.368200 
334.387108 179.944215 414.404081 178.242108 3.722287 0.125000 54.862397 
1024.687548 369.116542 1000.239829 380.057476 7.595838 0.125000 43.306078 
818.036540 357.698902 785.641562 354.220745 4.879864 0.125000 43.456249 
9.321903 203.599064 15.633089 203.433656 3.912461 0.125000 0.054415 
275.617158 179.452057 290.715213 180.988536 5.607082 0.125000 6.144840 
619.329365 178.452208 634.401477 178.135647 5.077642 0.125000 12.187514 
635.552344 178.718145 647.088596 180.131247 3.847803 0.125000 2.403491 
513.461721 510.179379 496.963248 517.085811 2.209147 0.125000 3.106678 
290.938889 421.769029 287.223339 366.936098 4.671006 0.125000 54.567893 
646.857356 178.340290 691.873978 177.992649 4.058779 0.125000 69.636875 
974.839813 396.544570 985.813420 390.997763 2.538425 0.125000 0.510188 
310.800980 176.900846 310.559029 166.846507 2.709779 0.125000 6.376045 
355.448724 388.126855 355.146198 359.380039 2.762943 0.125000 16.728661 
754.357521 291.873949 752.476421 323.161160 1.397785 0.125000 4.786592 
214.317949 413.242767 212.701466 378.144506 4.132071 0.125000 21.802398 
748.553189 299.398787 745.357218 356.929565 2.842819 0.125000 49.996776 
798.180216 325.306631 811.949625 327.694722 5.303653 0.125000 1.023950 
83.127123 231.648581 58.117601 231.414067 3.925646 0.125000 10.671043 
205.560027 178.216305 211.906563 178.045112 3.782342 0.125000 0.054415 
172.833275 410.635679 171.871931 384.375112 3.244468 0.125000 21.876045 
315.608559 211.252367 345.620706 212.038869 2.302664 0.125000 6.360432 
756.842467 635.739955 730.573849 628.305740 2.609902 0.125000 10.233727 
128.111452 270.100479 140.635383 269.776994 1.572343 0.125000 2.763685 
356.867085 188.030082 355.345267 208.198213 4.773956 0.125000 17.574864 
749.923698 323.149102 750.748131 304.380409 1.687632 0.125000 3.666775 
856.754213 186.225235 894.501357 188.689444 6.506919 0.125000 43.444869 
429.395672 295.878741 409.426376 297.505623 3.534616 0.125000 13.317937 
265.933137 567.245384 255.466070 563.578685 3.246019 0.125000 2.239578 
810.614893 257.088843 826.875539 256.930238 2.633992 0.125000 3.975210 
401.970750 297.960568 388.108091 299.183288 2.490332 0.125000 1.374034 
416.178975 401.852005 413.949533 348.142661 3.586533 0.125000 46.100521 
659.418056 214.100522 651.896688 214.246034 5.119957 0.125000 6.376045 
840.293726 235.667301 841.390238 211.852680 4.320968 0.125000 15.294238 
373.537536 168.102715 373.269855 178.162117 2.665369 0.125000 0.957505 
493.044083 177.929953 501.933540 178.611788 3.834614 0.125000 2.239578 
186.745562 176.683121 203.509258 178.733797 5.900197 0.125000 6.194664 
288.187572 575.439330 273.204261 570.389811 3.965889 0.125000 5.561599 
811.399377 603.767581 820.464185 596.669623 3.509643 0.125000 0.616533 
861.864694 369.441606 861.133079 355.598148 3.942682 0.125000 3.182979 
241.598571 558.827963 210.045401 546.420163 4.274414 0.125000 28.995724 
373.474714 210.640869 373.011783 184.376996 2.808021 0.125000 8.597703 
351.846171 165.747189 371.889847 166.168295 2.893288 0.125000 16.310034 
504.352070 180.018450 515.630691 180.155034 3.734589 0.125000 1.579118 
338.073626 165.291138 345.689868 165.718233 2.846009 0.125000 0.957505 
512.912675 318.558005 490.609946 315.744324 6.368801 0.125000 21.802398 
360.417083 208.089696 359.700854 186.948657 3.218074 0.125000 2.954680 
298.985094 182.171860 309.277300 181.009732 3.634282 0.062500 0.326458 
338.145704 593.059760 308.007514 583.495203 3.460112 0.125000 25.560560 
356.846022 409.406974 357.371096 389.355258 2.793635 0.125000 7.626680 
878.129845 319.530532 905.603181 318.674629 2.265246 0.125000 11.685214 
359.459093 600.377765 338.507193 593.251341 4.379432 0.125000 13.490832 
346.259980 189.353033 346.024267 209.364980 5.102709 0.125000 14.517859 
761.913251 232.758117 771.934642 233.802955 2.868653 0.062500 0.387866 
93.120715 329.339932 114.359120 326.745030 3.542728 0.062500 2.863685 
212.783032 179.382932 228.345895 181.504998 6.812090 0.062500 0.104042 
769.572254 348.983704 756.657876 347.431634 4.618130 0.125000 0.912198 
551.838853 177.746223 570.660179 178.527111 4.840250 0.125000 10.910456 
748.302854 349.385727 749.809822 324.401227 2.344948 0.125000 5.357327 
110.657667 324.709252 76.863956 328.011996 2.824695 0.125000 30.688174 
316.874990 238.089364 373.124985 238.073389 1.257100 0.125000 25.340934 
550.276640 221.863891 549.916974 233.142283 1.568101 0.062500 0.682599 
45.635222 295.840274 71.885391 294.593829 2.315765 0.125000 7.626680 
754.362299 178.887556 790.643874 179.491864 3.061717 0.125000 56.045994 
895.500374 188.655048 910.676872 187.694931 5.305710 0.125000 14.625235 
258.268619 183.548639 266.135750 180.881576 4.221770 0.125000 2.239578 
308.095204 306.465124 284.289271 308.195701 2.833832 0.125000 4.719606 
115.725199 376.332388 78.094910 381.662568 2.331462 0.125000 28.068581 
99.238543 207.282507 114.444209 208.534336 4.675458 0.062500 0.738015 
625.531823 441.765478 623.996542 460.594141 3.229659 0.125000 2.911408 
950.566729 493.120228 947.389733 531.917150 2.899733 0.125000 18.655894 
307.660125 583.103291 288.510751 575.855770 3.949676 0.125000 16.846620 
625.970982 278.151096 626.462058 248.118248 2.458793 0.125000 8.612308 
928.902910 650.079372 905.328227 670.476713 3.982493 0.125000 33.108178 
835.533706 185.800040 855.680881 186.487626 8.318555 0.125000 17.917282 
239.424044 359.757642 208.048621 363.779092 2.161885 0.125000 15.020958 
55.692655 255.712818 54.663272 241.853589 2.307957 0.125000 4.569865 
740.540287 214.475065 739.235631 197.072876 5.047823 0.125000 4.560061 
228.219075 181.383715 256.901394 182.285760 6.718421 0.125000 23.167504 
620.419984 498.142819 620.910452 469.379868 2.968501 0.125000 14.773834 
910.773280 188.539387 923.321770 190.766130 8.913447 0.125000 6.146380 
286.898808 271.049834 276.860284 271.612403 1.737632 0.062500 2.763685 
541.829922 322.193043 519.251982 318.992934 4.960233 0.125000 15.305377 
446.860687 179.867093 470.618390 179.697736 5.151350 0.125000 19.677411 
927.039818 430.418450 936.806008 438.211461 2.348930 0.062500 2.991781 
444.398152 525.714114 426.787780 530.289278 3.362619 0.125000 1.872824 
743.039322 178.955623 755.698439 178.305917 4.001349 0.125000 10.818692 
813.124039 183.139106 834.445399 184.591626 3.571409 0.125000 15.093628 
710.543229 271.870023 709.401605 290.626619 2.571323 0.125000 9.211102 
58.154423 329.654209 21.911726 333.473503 3.662457 0.125000 32.662035 
545.007675 501.090916 530.179915 506.558058 4.940218 0.125000 3.615051 
947.557030 191.819288 956.689379 189.789756 7.050204 0.125000 3.683265 
199.492067 365.267787 165.668006 369.702977 2.112700 0.125000 17.776122 
606.461065 359.381955 606.278182 315.627495 3.891033 0.125000 36.893887 
790.396501 179.377917 808.436328 182.667912 4.021794 0.125000 20.241459 
177.186065 503.016649 192.100577 498.952896 4.712321 0.125000 1.830356 
330.499472 150.554438 330.909927 164.366533 4.045384 0.125000 5.016850 
159.377376 204.772005 175.626794 204.674738 1.332282 0.031250 5.773985 
1011.777153 380.431367 1022.258906 375.134729 3.358820 0.125000 6.376045 
31.421780 185.621294 31.615986 161.872882 1.403284 0.125000 0.614466 
727.896343 246.859276 728.843292 233.088437 2.579864 0.125000 4.148158 
981.790464 581.865204 983.379332 568.154473 3.437284 0.125000 1.141592 
368.091094 342.884962 350.587208 345.357450 2.286702 0.125000 1.374095 
469.629901 528.932769 446.656415 536.182315 2.007946 0.125000 9.470302 
938.827631 187.737511 944.979732 191.641774 5.459747 0.125000 0.526161 
755.621820 324.271333 776.890152 323.619001 1.900876 0.125000 8.581864 
744.159029 275.687388 743.557869 285.651117 2.796589 0.031250 3.720516 
157.894824 504.371883 158.080973 490.624404 3.715808 0.125000 1.369131 
645.803965 443.129896 644.743712 481.885087 3.304201 0.125000 35.462936 
299.374330 351.870025 284.310903 353.899176 1.841432 0.031250 5.150860 
756.842221 303.288662 801.876654 301.929818 3.258199 0.125000 44.013393 
115.671926 178.778869 126.950436 179.666688 4.788393 0.125000 1.941738 
134.635568 178.061507 144.256931 179.970173 3.921553 0.125000 3.106678 
601.077620 280.613084 600.517686 259.344916 3.025499 0.125000 4.990164 
676.802513 509.203295 664.401777 514.438428 3.622802 0.125000 1.141592 
283.512501 369.373238 283.643209 398.122644 3.874988 0.125000 11.365299 
605.540583 470.565971 603.160232 524.376559 2.807245 0.125000 42.424457 
326.233457 463.133609 325.696321 423.107268 2.801688 0.125000 27.858683 
476.896521 523.195956 446.993442 532.265512 1.706232 0.125000 10.964042 
600.960505 240.642332 601.736663 225.617854 2.883601 0.125000 2.224270 
920.838885 418.668740 938.122993 411.869898 3.985924 0.125000 5.492013 
892.006093 580.886866 876.509395 588.644683 4.469677 0.125000 10.769217 
129.374728 197.414155 115.625362 197.407228 3.126889 0.125000 0.614466 
732.264989 271.881184 731.888469 295.625214 2.816795 0.125000 8.166320 
83.212721 410.675554 82.667689 398.144891 2.986505 0.125000 2.286973 
584.446984 303.127457 582.655433 355.608970 4.216925 0.125000 64.742220 
357.754825 440.620708 357.943218 424.372892 2.572296 0.125000 6.806561 
751.798433 612.868392 767.284564 608.247617 5.274264 0.125000 12.371897 
389.381784 233.035698 379.250336 232.266055 2.451436 0.125000 0.957505 
339.377770 346.897111 319.378405 349.402183 3.568122 0.125000 0.309753 
853.119891 300.455639 900.614377 299.022863 3.258300 0.125000 38.818182 
104.322785 178.860420 114.449238 179.579396 5.075972 0.125000 1.369131 
144.463150 372.492344 124.338016 375.365990 1.944816 0.125000 9.085315 
246.567046 375.603020 247.150721 400.618567 3.053315 0.125000 17.227447 
338.043126 413.893188 325.481045 416.027851 2.869050 0.062500 0.879834 
666.235423 309.332831 662.444448 366.830129 5.647070 0.125000 75.837068 
144.362073 179.303700 151.888586 179.386247 3.777192 0.125000 2.763685 
381.036076 481.871311 380.856586 461.872921 2.499899 0.125000 10.087164 
664.890942 504.319786 666.393855 484.338810 4.301977 0.125000 6.019236 
506.022176 352.989202 504.645188 374.311725 3.983873 0.125000 3.836175 
374.355372 265.625224 374.055769 239.378644 1.478202 0.125000 4.569865 
624.566728 463.055990 623.095137 485.623053 1.707023 0.125000 0.526161 
747.248444 231.900594 746.219362 246.915735 3.263377 0.125000 4.195015 
79.311127 178.654829 89.432669 179.018064 3.971739 0.125000 0.345069 
70.552458 179.492885 79.408443 179.223194 3.824359 0.125000 2.239578 
316.875299 269.422052 354.373782 269.183534 1.329482 0.125000 11.794585 
244.893231 500.632797 245.137940 484.367672 2.537325 0.125000 7.693938 
685.653862 349.317357 685.070332 374.332903 5.290145 0.125000 21.731819 
627.591401 378.102070 626.248670 409.348085 3.424543 0.125000 27.804242 
38.100703 180.216540 60.743650 178.869649 3.520712 0.125000 16.846620 
298.224302 421.155142 291.733748 422.370905 4.606450 0.062500 0.387866 
475.536120 516.554081 450.387923 523.518985 2.742940 0.125000 6.019290 
256.419026 476.882742 255.846165 443.142468 3.813120 0.125000 15.840177 
431.083584 319.402374 430.607068 305.625620 2.714554 0.125000 2.224270 
733.929271 204.332814 734.648509 218.045089 5.058611 0.125000 1.097783 
804.493762 396.822497 803.680605 414.342772 2.845030 0.125000 5.016850 
449.053874 694.370786 449.148178 743.125439 3.708890 0.125000 32.354742 
273.551831 339.481419 274.430992 325.628553 3.504958 0.125000 1.745956 
729.139010 330.615407 727.513662 370.600150 2.244089 0.125000 17.227447 
58.154569 399.584038 20.523438 404.906998 2.149583 0.125000 26.324866 
90.573328 178.495254 101.931369 178.857479 3.947315 0.125000 8.202956 
836.880712 303.612298 825.588308 303.744662 3.124742 0.062500 1.060487 
208.182072 379.360142 208.551475 411.855942 3.891845 0.125000 22.585712 
574.307028 408.099097 573.839947 431.864484 2.548642 0.125000 15.359127 
692.172710 455.265015 682.056336 453.394351 2.380616 0.062500 0.682599 
1022.410748 535.857101 1015.754060 551.222447 4.281605 0.125000 10.392761 
82.893074 227.513504 109.660435 230.800794 4.396727 0.125000 13.755199 
342.308519 608.150497 354.596016 612.500726 5.474487 0.125000 1.097783 
982.018771 551.888040 980.648994 566.990549 3.395941 0.125000 6.563260 
32.776023 174.386139 33.813579 206.892920 1.250000 0.125000 3.076513 
0.493292 475.968517 75.491328 504.723639 3.930692 0.125000 71.224807 
354.532426 354.401549 362.431024 347.347894 6.127461 0.125000 0.048199 
860.631221 329.375666 857.135627 362.036677 2.710208 0.125000 16.413687 
214.284157 560.898050 227.036162 565.140587 7.114216 0.125000 5.927131 
411.125161 513.133635 411.535431 489.369138 1.616619 0.125000 15.406944 
311.305714 425.639452 309.495757 354.340203 3.260510 0.125000 40.330050 
813.097234 387.074603 789.286337 383.762384 2.099195 0.125000 10.087164 
127.663477 178.901953 134.744698 177.005229 5.153161 0.125000 0.526161 
229.921347 485.559591 231.470119 528.094227 4.247850 0.125000 26.361578 
533.385001 435.541644 532.915303 448.163712 3.607956 0.125000 1.941738 
725.859084 305.636823 724.845099 325.711882 5.245861 0.125000 2.778966 
39.195012 256.885787 38.369396 243.110352 1.771243 0.125000 1.860595 
415.567680 676.994969 448.879888 692.911251 2.882648 0.125000 24.618757 
733.378555 623.586000 748.493622 615.272529 5.804981 0.125000 11.230822 
949.536463 713.781626 999.256382 727.310918 3.199932 0.125000 37.127754 
64.328900 228.776925 81.917103 227.421217 4.219238 0.125000 9.175631 
654.589160 517.403395 631.782571 526.646950 3.348120 0.125000 8.853797 
752.318941 449.431069 754.708713 430.509275 4.033700 0.125000 12.187514 
823.356160 426.736099 821.614667 439.509924 3.248025 0.125000 2.403491 
246.176118 520.727276 244.101256 506.549203 5.490307 0.125000 3.926199 
984.394512 533.127379 982.705833 546.976308 3.268532 0.125000 4.810681 
255.974351 563.951800 248.096825 559.641821 3.714599 0.125000 3.666775 
306.970203 596.597624 318.186030 600.447187 2.434773 0.062500 1.060487 
358.118755 268.950406 373.133892 268.729548 1.452092 0.062500 5.123799 
475.169576 419.378195 475.318720 440.635919 2.482399 0.125000 9.953227 
534.379548 391.847699 533.885974 414.364280 2.581582 0.125000 17.484644 
449.525489 641.872637 449.426084 688.125110 2.596707 0.125000 45.951966 
726.330964 380.588207 720.916714 460.644729 3.084719 0.125000 78.921119 
244.056045 572.060758 258.697775 577.951287 6.518269 0.125000 7.295059 
527.832837 718.745605 556.665821 732.319334 3.128379 0.125000 14.029296 
731.596913 326.866500 732.170639 308.095830 2.804341 0.125000 5.357327 
287.766170 429.806488 310.450888 425.871313 4.976717 0.125000 12.408334 
820.619621 263.500185 831.867309 263.661451 2.553504 0.125000 0.054415 
889.370810 302.419012 870.621922 302.274593 2.634720 0.125000 0.345069 
941.637879 374.330197 938.359125 391.683055 4.381031 0.125000 10.769217 
318.811920 363.119930 319.005642 389.368501 2.638309 0.125000 21.054747 
101.683281 514.857604 114.195039 519.828007 3.246365 0.125000 3.125979 
129.827842 424.413868 128.180209 390.622308 3.319418 0.125000 29.602773 
784.579489 435.562728 783.462236 454.320634 5.139795 0.125000 5.152722 
184.377004 318.144038 171.883835 319.458945 2.747947 0.125000 0.510188 
240.849113 326.867738 241.983301 361.871491 2.458208 0.125000 11.994254 
537.330595 659.206761 542.398801 672.931574 3.337662 0.125000 1.141592 
659.377961 311.845981 631.782639 309.030136 1.725734 0.125000 11.794585 
517.014445 475.624298 516.926364 458.124741 2.544009 0.125000 0.128954 
560.316501 358.836594 578.161476 361.643067 3.121867 0.125000 2.954680 
762.301501 275.715250 762.782011 266.789245 4.013352 0.125000 0.757712 
712.619776 405.631057 712.802918 383.112215 2.489752 0.125000 1.872824 
732.626994 344.353138 731.198220 376.900164 2.059029 0.125000 19.523249 
797.102082 253.151007 795.689025 265.489174 5.924951 0.125000 11.206021 
193.284337 552.707781 208.041525 558.343577 5.562886 0.125000 8.394350 
372.864443 323.156113 373.220320 311.838691 2.734486 0.125000 0.616533 
694.367106 429.374649 693.200873 455.572733 3.079211 0.125000 20.156539 
743.502367 326.852455 744.051832 305.584357 5.192031 0.125000 20.367180 
58.106763 292.570883 0.586788 294.463931 2.473354 0.125000 33.790885 
292.174093 470.626126 292.310625 434.367227 3.825282 0.125000 28.559297 
789.329784 305.321343 776.858255 304.725458 2.914747 0.125000 1.496513 
179.203212 514.402447 177.388273 503.042993 3.900249 0.125000 0.935734 
280.554220 327.026872 295.732868 326.048532 3.340225 0.125000 0.060344 
555.408994 740.617527 554.498937 766.922533 2.541725 0.125000 24.437844 
540.136437 728.128231 539.972020 766.877533 2.659091 0.125000 38.951132 
714.285718 230.618969 713.103331 248.123536 2.831285 0.125000 2.559383 
549.375215 181.942357 521.875494 182.030003 2.539827 0.125000 3.950583 
573.419408 678.129331 572.555654 736.848237 3.363847 0.125000 43.551623 
708.718193 323.078627 705.099102 374.337870 5.222891 0.125000 49.373598 
687.452843 332.786178 684.737773 348.188947 6.009055 0.125000 8.684140 
764.027753 390.606298 762.748723 414.354735 2.294709 0.125000 10.818692 
411.237927 351.849397 410.228796 376.959548 3.496002 0.125000 7.492573 
753.170968 254.186255 713.137791 255.920293 4.454386 0.125000 40.322610 
847.977717 391.776814 828.299474 389.260541 2.536761 0.125000 2.559383 
984.131886 568.048367 988.413282 554.465870 3.767910 0.125000 0.060344 
705.967189 454.393843 704.731943 476.825823 4.156700 0.125000 11.686596 
894.395615 766.878575 897.661429 748.044617 2.299438 0.125000 3.967267 
212.139322 375.626913 223.161948 366.921784 7.022776 0.125000 8.110014 
509.407335 345.390481 489.273055 342.614381 1.964369 0.125000 6.806561 
980.856766 499.650808 992.492905 489.872788 4.632097 0.125000 2.567324 
238.499149 455.785803 240.508612 435.489717 4.963325 0.125000 5.462313 
751.055833 278.180835 751.470608 265.694613 4.121436 0.125000 15.359127 
306.793348 486.223264 359.407152 479.631634 2.949587 0.125000 26.626104 
448.467235 414.147214 446.729372 430.609627 1.954367 0.125000 0.614466 
552.885251 531.440144 535.236534 541.170401 2.414062 0.125000 4.810681 
710.516760 479.435877 710.223805 466.884364 3.748979 0.125000 2.559383 
757.996906 251.869988 757.455868 265.696642 2.399382 0.125000 2.239578 
789.049681 439.399400 789.742743 413.134704 4.243290 0.125000 7.696197 
875.708075 321.881742 874.490518 336.884375 2.694033 0.125000 1.450426 
396.712263 523.126987 396.559466 510.613590 2.637173 0.125000 0.510188 
805.624003 301.838383 850.624661 300.612559 3.714572 0.125000 35.404589 
438.220252 684.172094 416.960867 674.192085 3.532887 0.125000 10.419070 
606.222667 693.144417 604.436374 748.126994 3.229284 0.125000 51.828285 
267.942907 582.342283 291.944951 591.695492 3.040216 0.125000 9.399350 
559.287749 733.316844 604.112129 753.702993 2.998913 0.125000 30.572199 
959.578535 636.755537 950.841180 713.292377 3.691735 0.125000 55.608860 
895.602863 419.314575 871.837037 428.021377 3.753706 0.125000 15.970628 
922.154220 536.899122 925.933572 493.151658 3.090562 0.125000 21.731819 
574.929634 648.143711 574.129302 671.866711 2.582872 0.125000 10.773230 
556.725589 673.123030 556.017147 726.863691 3.897966 0.125000 36.917430 
934.381035 257.460929 908.120946 257.731413 3.839923 0.125000 4.770223 
589.641947 685.658197 588.438905 740.631869 3.147437 0.125000 53.285407 
657.477674 374.402514 655.707064 413.185814 3.010471 0.125000 39.053788 
727.796698 291.886491 727.984263 276.842077 3.812041 0.125000 11.620022 
575.689161 766.878190 575.628616 744.374990 2.560527 0.125000 6.019290 
75.464264 499.791489 23.891821 479.888065 4.848683 0.125000 59.692367 
278.587082 469.408883 277.884962 453.081569 3.088434 0.125000 16.592793 
560.997822 728.135342 562.316365 680.602569 3.122941 0.125000 63.706283 
530.457886 715.623742 530.395421 661.872362 5.011618 0.125000 47.038599 
565.323020 318.116963 564.393096 353.058948 4.964975 0.125000 40.516207 
619.240494 518.249066 620.644307 505.627147 5.797179 0.125000 2.878669 
648.378532 343.125112 648.368603 365.625107 1.259929 0.125000 0.957505 
154.524858 320.735252 123.105358 324.196706 3.453682 0.125000 23.241840 
464.309560 478.711668 480.635292 480.532731 2.761736 0.125000 9.470302 
529.418621 505.763991 512.840038 510.967016 4.326531 0.125000 3.308467 
666.312384 481.888427 666.874253 453.124985 2.719240 0.125000 19.275381 
529.511671 766.886707 529.024996 720.602393 3.802364 0.125000 50.278924 
558.532406 615.628713 558.372936 633.127260 1.409425 0.062500 0.409576 
572.582622 735.356650 560.947067 729.933939 3.850086 0.125000 5.656078 
918.408305 554.567522 924.055548 546.257362 6.945783 0.125000 1.097783 
550.117410 633.125345 550.136125 660.625333 1.267864 0.031250 3.485628 
998.675827 636.655745 989.504231 630.434483 2.514559 0.125000 1.860595 
557.734999 641.871513 557.522678 665.619615 1.462279 0.125000 5.919773 
346.875000 266.875000 318.125000 266.875000 1.250000 0.125000 4.148158 
976.394712 626.697430 971.727750 639.320560 3.631277 0.125000 1.745956 
230.510177 470.574840 230.049714 483.103857 2.636039 0.125000 1.496513 
448.324575 376.901800 448.993880 403.134724 2.594833 0.125000 16.903594 
250.013918 371.150679 260.054206 362.680068 5.433702 0.125000 9.581621 
599.214871 658.120678 598.640805 679.388922 1.789182 0.125000 11.794585 
476.859165 349.342630 476.569304 371.871067 3.862261 0.125000 13.370578 
539.420113 349.028243 518.044048 346.247229 2.045880 0.125000 4.786592 
694.792770 324.382807 695.236442 300.641098 2.546274 0.125000 9.084131 
748.692184 439.322836 746.479531 468.285778 4.414167 0.125000 26.556556 
903.118066 299.018104 929.382438 298.507854 2.548088 0.125000 21.947886 
960.566919 374.509609 958.878485 389.460095 4.968416 0.125000 7.827924 
968.733486 668.563058 978.666856 654.765090 3.935756 0.125000 9.415305 
15.528701 209.998361 33.174839 210.905447 4.929236 0.125000 3.445450 
963.278051 513.017224 973.882291 499.991511 4.306290 0.125000 0.309753 
668.300755 374.442857 701.866347 379.433202 3.525407 0.125000 13.451077 
815.663229 208.327579 813.325105 194.341547 3.077437 0.125000 0.128954 
818.846020 570.590459 818.190521 580.629278 2.657582 0.125000 0.957505 
247.156532 544.381878 247.076578 533.123568 3.794290 0.125000 1.579118 
437.814073 636.864984 438.294278 681.886527 2.886482 0.125000 69.045142 
601.881906 245.708528 629.400498 243.433414 1.441902 0.125000 1.374095 
943.042386 435.769797 930.383923 428.547537 4.342862 0.125000 2.647927 
353.442892 425.546955 353.930081 443.137323 5.344156 0.125000 15.778759 
361.203301 560.599398 360.670264 600.608950 3.416628 0.125000 37.351567 
454.506074 304.188590 440.599993 294.410564 4.281734 0.125000 1.418556 
785.225422 464.607538 768.594930 471.138679 4.032101 0.125000 7.369237 
787.414103 458.144760 788.010597 441.870807 2.864609 0.125000 4.786592 
20.646526 267.559959 40.626793 266.932044 2.812879 0.125000 2.160147 
771.830202 381.098607 753.129284 379.329706 1.832999 0.125000 1.496513 
928.138535 300.934679 910.671899 301.698071 3.801004 0.125000 0.048199 
74.395858 245.354927 93.137367 244.956014 3.562949 0.125000 4.765634 
167.046078 552.555360 141.759041 558.913842 3.948656 0.125000 14.517859 
217.690698 485.625748 217.630413 450.625852 1.308130 0.125000 10.891495 
229.799520 449.279184 230.520591 461.880974 2.495917 0.125000 0.510188 
588.528560 650.693281 587.262517 611.821666 3.939390 0.125000 19.080066 
734.945824 368.251986 737.399141 333.074378 4.205201 0.125000 49.000075 
277.628014 441.890828 276.670998 411.841687 3.095587 0.125000 14.814666 
943.660906 517.002608 944.301991 508.030467 2.848197 0.125000 0.054415 
251.026810 446.868384 251.541541 478.130490 1.723135 0.125000 24.190113 
330.830529 480.505085 291.780804 487.607070 2.123091 0.125000 11.205474 
621.285107 225.648581 620.794551 239.381057 1.650823 0.125000 0.054415 
231.894267 314.666693 219.366359 315.494181 1.821259 0.125000 0.054415 
514.371740 190.609186 531.884825 190.655446 5.009888 0.125000 3.743500 
547.480557 293.135543 546.435447 353.160875 4.107057 0.125000 86.312386 
724.302164 461.870557 729.410086 378.127140 2.951976 0.125000 92.285919 
285.629012 410.562246 286.571215 429.390202 2.559351 0.125000 5.656078 
765.249473 740.714245 764.148703 766.918004 3.232291 0.125000 9.105422 
782.207492 602.628284 797.532267 595.864085 5.583737 0.125000 5.605956 
425.184674 683.096655 425.838958 730.639258 3.612037 0.125000 60.861155 
738.007667 394.368742 738.879002 378.031876 4.793179 0.062500 3.500724 
0.384963 180.814004 15.993214 183.417586 7.809121 0.125000 26.981814 
504.781909 384.364612 504.458535 410.610628 2.777009 0.125000 15.874251 
479.439864 341.397721 460.529496 338.827729 1.695852 0.125000 3.263440 
646.891126 384.335631 646.012033 411.887349 2.777773 0.125000 25.075527 
409.907211 483.103987 409.069503 461.887062 3.845711 0.125000 5.099469 
576.713955 735.653712 578.033107 685.622577 3.089761 0.125000 62.613432 
605.651423 754.316988 633.141833 766.838042 2.995871 0.125000 16.413687 
436.504121 687.933636 438.428804 709.347694 3.972842 0.125000 8.597703 
940.876458 698.255953 947.597407 685.350244 5.012045 0.125000 1.023950 
425.556211 631.866023 425.898314 676.882422 2.784901 0.125000 56.272405 
572.344777 460.643597 573.089228 491.875853 2.737582 0.125000 16.846620 
172.689281 540.200314 209.077812 530.732757 5.566910 0.125000 44.574025 
185.334286 489.105444 204.806439 485.380121 4.729361 0.125000 4.820215 
353.037571 394.364259 353.222549 414.385647 2.673117 0.125000 22.148674 
587.699756 225.656141 587.134196 240.634787 1.720747 0.125000 3.666775 
703.761230 290.708338 704.485100 274.324637 5.160649 0.125000 8.394350 
902.168129 399.456036 906.375505 384.236913 4.987862 0.125000 2.070428 
986.646374 651.563611 978.230305 660.721772 2.537420 0.062500 0.883582 
21.874816 479.375508 0.291445 471.544302 4.377826 0.125000 26.930409 
41.912849 264.075418 14.356991 265.172782 4.393645 0.125000 12.599195 
540.946918 721.214893 529.888529 715.821986 2.878028 0.125000 1.374034 
571.206475 740.629973 571.401732 766.878521 3.675511 0.125000 11.205474 
910.453420 481.861268 908.548844 505.658921 2.392311 0.125000 13.421200 
541.716984 673.104365 541.020735 720.612480 2.609635 0.125000 51.507420 
607.491252 661.857377 606.865105 684.374725 2.672763 0.125000 16.240024 
624.975036 416.815080 623.821845 429.324005 2.833694 0.125000 0.526161 
696.777606 301.441411 709.249235 302.929225 3.074678 0.125000 1.374034 
171.602193 380.643918 182.289687 372.413485 7.012172 0.125000 9.909325 
598.854660 293.114634 598.356320 318.129608 1.623210 0.125000 2.559383 
640.678055 296.350995 625.579710 294.822317 2.613200 0.125000 3.076513 
639.337785 319.725007 663.085128 322.249997 2.407340 0.125000 11.841687 
696.593100 389.366701 695.930206 411.883985 1.874773 0.125000 14.810004 
321.471150 431.864565 321.872078 464.375036 2.761851 0.125000 31.562372 
429.586061 678.126295 429.839127 636.877847 2.576641 0.125000 45.208914 
442.007350 684.375826 442.272553 641.885283 2.765209 0.125000 46.112004 
446.602238 475.649054 446.404213 463.112691 2.499688 0.125000 4.569865 
608.215361 629.376269 607.899475 651.871833 1.337632 0.125000 1.860595 
652.032610 451.881458 650.496544 489.369737 2.395553 0.125000 22.685636 
393.124012 450.677526 375.630206 450.348326 1.414408 0.062500 2.763685 
449.066741 344.374467 449.079480 366.875167 3.758491 0.125000 4.560061 
542.537748 363.115973 541.480267 431.907363 4.884131 0.125000 86.011916 
623.819265 698.143957 622.249427 755.635224 3.181456 0.125000 40.716927 
674.439331 299.673950 688.126705 300.599791 4.988601 0.125000 2.260851 
740.139621 423.172784 738.028921 456.947113 3.196939 0.125000 29.490250 
523.123103 185.359567 505.623997 185.484628 3.785637 0.125000 2.423431 
416.872541 477.233961 445.629755 477.430995 1.438386 0.125000 8.182225 
476.218530 381.874344 476.194793 405.624320 1.273736 0.062500 2.991781 
609.742554 750.638783 611.665249 699.367134 2.997890 0.125000 60.609441 
622.131970 757.548680 608.337651 751.398075 3.686860 0.125000 6.667764 
312.805610 292.683287 302.965025 271.950932 4.688770 0.125000 12.107850 
587.410755 741.994538 576.289108 736.723707 3.506513 0.125000 7.461641 
807.393364 636.967999 793.618470 645.678633 5.903953 0.125000 6.651318 
872.721777 501.844009 870.128340 535.586827 2.491609 0.125000 15.441466 
458.808385 554.354965 459.213302 568.166387 2.498926 0.125000 0.526161 
618.125000 200.625000 618.125000 220.625000 1.250000 0.125000 0.054415 
160.089070 546.898762 159.146280 525.635141 1.580983 0.125000 5.472955 
201.208450 530.656054 202.203607 511.959022 4.475514 0.125000 8.853797 
545.255609 721.879437 545.532722 666.887133 4.014502 0.125000 77.219669 
576.136051 613.094581 575.053055 639.402912 2.703538 0.125000 25.522574 
90.673450 344.744283 105.580839 342.788414 2.330959 0.125000 4.569865 
417.376811 725.626320 417.306245 685.622034 2.568349 0.125000 39.282296 
437.383216 738.486903 428.636324 733.481472 4.032380 0.125000 3.076513 
557.630424 729.178506 544.731608 722.442164 4.050536 0.125000 1.872824 
134.515514 579.365893 136.865483 615.625617 4.342796 0.125000 24.004355 
349.524158 476.242088 334.495767 479.874632 3.311069 0.125000 5.656078 
586.557956 674.405977 587.141119 656.842332 3.079352 0.125000 19.768881 
126.790314 372.649534 141.760675 369.983129 2.461264 0.125000 5.033622 
758.572008 223.149584 757.338322 245.581736 2.564870 0.125000 3.752515 
843.054577 316.355287 858.155233 317.811480 4.452589 0.125000 1.830356 
871.985439 543.356440 861.896753 548.170586 2.307764 0.125000 0.054415 
360.448876 473.676015 349.870489 476.341457 5.774261 0.031250 1.026918 
429.261735 731.878177 429.373523 691.874996 2.611769 0.125000 55.097826 
513.066974 257.118169 538.199618 255.669725 4.560193 0.125000 11.242789 
535.496898 633.120051 534.675374 654.386603 1.924587 0.125000 13.600764 
543.764085 766.885252 544.265579 735.623245 4.110408 0.125000 31.033134 
559.920514 760.635145 560.245862 743.141196 2.639027 0.125000 8.581864 
583.917505 609.386825 583.414044 643.129313 1.697431 0.125000 23.305067 
591.201174 655.603432 590.480432 678.120373 2.698673 0.125000 12.468326 
165.585276 309.611962 180.582901 312.126129 2.059451 0.125000 1.860595 
551.117135 355.635214 552.414798 293.110260 3.070083 0.125000 75.922411 
566.744689 643.122517 566.291927 666.887706 2.618597 0.125000 14.290563 
630.680761 308.768046 606.901782 306.583478 1.803383 0.125000 9.085315 
636.954632 673.104909 645.112588 705.438905 3.363752 0.125000 17.347764 
314.624510 283.005150 306.388362 265.858753 2.386399 0.125000 3.967267 
581.044318 279.387557 581.493124 264.400998 1.698447 0.125000 4.148158 
549.754750 261.851733 549.252906 280.621736 2.432290 0.125000 0.128954 
570.572897 668.153140 570.985142 650.604096 2.910290 0.125000 19.922394 
603.707991 749.337024 592.023043 744.047934 3.632044 0.125000 7.461641 
635.574712 417.172845 618.149356 414.230743 2.064975 0.125000 0.510188 
698.745316 375.711182 700.770235 331.766495 6.226226 0.125000 86.946580 
1007.574997 474.092094 1024.175533 462.076384 4.783255 0.125000 11.708240 
155.605889 560.485084 165.590344 559.121283 3.546329 0.125000 2.239578 
361.243410 616.859318 360.621526 641.905950 2.871550 0.125000 13.526695 
387.970059 471.892660 388.111647 483.156593 3.843972 0.125000 0.757712 
477.275405 541.887309 477.814040 524.365441 3.402560 0.125000 1.141592 
128.574674 388.423577 139.240750 379.451397 7.044910 0.125000 5.863184 
546.096619 661.891893 546.858408 640.624406 3.568614 0.125000 17.584140 
846.875596 610.625877 828.825644 622.904932 3.515434 0.125000 12.021305 
89.406427 240.538458 76.898944 240.618457 7.507842 0.125000 18.042852 
344.664097 360.628961 344.835320 348.131307 3.749648 0.125000 0.345069 
476.487057 265.412761 473.059279 291.866484 4.361420 0.125000 11.871650 
542.596434 634.370563 542.386601 659.368802 1.449304 0.125000 15.359127 
644.590611 483.402607 629.765179 480.115321 3.793690 0.125000 0.334600 
740.200664 329.360772 739.278213 356.871755 1.919527 0.125000 10.818692 
417.395723 673.125393 417.427779 630.626360 2.532056 0.125000 46.112004 
441.723068 739.374639 441.821186 698.124872 2.592165 0.125000 40.172253 
582.693732 651.868690 582.382594 673.132427 1.560770 0.125000 14.503854 
592.612877 743.143895 594.054796 686.834791 4.004759 0.125000 41.393385 
137.411321 315.731922 150.336136 307.662336 2.518923 0.125000 5.033622 
566.973826 293.554014 554.355727 292.035107 2.753425 0.062500 0.326458 
710.625000 253.125000 734.375000 253.125000 1.250000 0.125000 2.763685 
147.730736 294.388848 147.290701 281.860399 1.644119 0.125000 0.614466 
562.429789 668.146094 563.335109 644.335462 3.068109 0.125000 20.156539 
278.413274 320.624020 278.381428 351.875261 1.280571 0.125000 5.919773 
314.028964 223.096456 315.452222 268.169926 5.747075 0.125000 57.388075 
506.618406 456.818311 506.051265 471.891039 3.700348 0.125000 1.101632 
109.331384 457.815896 97.955129 459.421124 4.950956 0.125000 5.841148 
857.485935 566.671538 853.412344 579.466483 4.005936 0.125000 2.160147 
978.044335 748.448339 989.515901 751.310208 3.030796 0.125000 3.263440 
165.191350 559.386803 173.947815 547.480118 5.716868 0.125000 2.025675 
269.373003 494.368288 246.652920 501.128638 2.524792 0.125000 10.773230 
504.494287 424.302781 503.370948 441.890709 3.981400 0.125000 1.830356 
553.133806 604.423863 571.730384 601.072527 2.803773 0.125000 8.202956 
592.339209 611.887495 591.430513 645.646682 2.499095 0.125000 19.295883 
660.069705 492.928943 658.698871 505.551571 6.348424 0.125000 5.847150 
878.701021 394.337249 877.227473 420.644743 2.565993 0.125000 13.317937 
937.706599 553.098307 938.590382 539.245198 5.149024 0.125000 3.308467 
213.393625 532.806362 198.214245 537.184425 2.402084 0.125000 5.033622 
255.790098 188.124602 255.832247 205.624501 2.493971 0.125000 1.579118 
622.999640 646.945161 631.479378 662.096419 3.272355 0.125000 1.101632 
800.067318 215.616356 799.776462 234.381223 3.240786 0.031250 1.732135 
808.237781 650.811477 825.117480 640.602646 3.907009 0.125000 8.075152 
841.821527 205.764027 840.343340 191.905042 1.860900 0.125000 0.054415 
950.531349 650.042926 943.221524 666.916814 4.281533 0.125000 2.070428 
157.698272 520.622330 157.792169 505.615097 6.288981 0.125000 15.381138 
456.729067 542.149184 476.461597 552.651716 4.627238 0.125000 10.769054 
437.826493 710.622874 437.648447 735.621606 2.517742 0.125000 21.728574 
826.198958 432.027038 828.920098 421.754499 4.657201 0.125000 0.581868 
832.806754 588.096317 834.493117 569.385646 2.714319 0.125000 2.745267 
839.309346 550.697543 839.924245 540.658642 2.418902 0.062500 3.967805 
1023.166051 624.287707 1013.137130 623.979846 2.537176 0.125000 0.054415 
711.902005 255.242244 665.530069 251.970490 4.899627 0.125000 40.330050 
914.194500 767.229862 922.285020 742.846293 3.958293 0.125000 11.986960 
959.077276 491.870059 958.890272 503.137701 2.686342 0.125000 2.763685 
112.281895 514.779205 101.719648 509.697924 4.505716 0.125000 5.726791 
231.433366 396.822058 227.947172 425.903376 5.958868 0.125000 24.371960 
425.738850 605.622324 426.209328 625.640645 1.602093 0.125000 0.510188 
559.051253 351.970977 560.654130 315.626285 5.050219 0.125000 43.512408 
567.561884 611.868152 567.257738 636.879654 1.538692 0.125000 13.919099 
609.374705 248.131291 546.836487 245.195364 3.241640 0.125000 53.099023 
680.778401 291.962241 682.253926 268.226261 6.625736 0.125000 23.708759 
688.136013 304.281056 673.194801 302.529558 3.578961 0.125000 6.563260 
210.480237 521.617789 222.644615 514.771464 3.131108 0.125000 4.786592 
442.756096 398.140276 441.873361 376.823305 2.394423 0.125000 16.310034 
578.398267 674.416594 579.081330 649.401113 3.134455 0.125000 12.468326 
620.061615 266.856670 619.572779 281.881435 3.829312 0.125000 0.163145 
661.866661 324.452431 608.067580 318.658139 2.007809 0.125000 28.696005 
648.512751 483.134587 649.131253 458.118973 2.777303 0.125000 18.003449 
828.269350 623.344957 807.982808 636.658331 4.147602 0.125000 13.743706 
212.452761 455.549696 211.911097 469.376414 6.294141 0.125000 6.019236 
219.535689 507.618946 205.624710 510.623659 3.235373 0.125000 3.125979 
574.374538 290.828884 584.374486 290.851562 2.519837 0.062500 2.763685 
630.359718 479.348332 631.019866 441.837952 7.366866 0.125000 58.677182 
1001.231318 726.793160 1008.368829 670.656001 2.774086 0.125000 44.177110 
123.146963 325.948283 146.872379 324.336422 1.501307 0.125000 3.263440 
506.211963 223.102702 505.118806 255.607977 3.831909 0.125000 13.329461 
564.434988 475.765838 563.233301 465.612183 6.647421 0.125000 1.097783 
565.650150 243.940290 596.867976 245.746402 1.392310 0.125000 5.919773 
946.777270 370.773448 949.373045 350.624748 3.240106 0.125000 6.574818 
236.908460 460.642880 231.363446 471.019604 2.794057 0.062500 0.883582 
594.644745 680.660445 595.140767 659.392860 2.499320 0.125000 13.919099 
604.612901 650.686801 603.306221 629.287607 4.504886 0.125000 18.379638 
137.266215 621.849356 139.974622 663.167632 4.437855 0.125000 32.639179 
429.384049 405.660628 418.219320 408.496355 4.250030 0.125000 3.230623 
438.068851 610.625476 438.227887 629.384725 1.260552 0.062500 3.967805 
470.497180 366.885103 468.902858 346.714713 4.132325 0.125000 3.836175 
587.592478 755.613343 587.345733 766.885304 1.495906 0.125000 0.957505 
639.529435 765.261642 626.083290 759.546728 3.767652 0.125000 7.401715 
821.303638 538.076463 820.240417 550.592330 1.866028 0.062500 0.409576 
824.319423 410.621352 823.328325 425.720396 3.250706 0.125000 2.559383 
246.541846 504.681104 269.295598 496.650038 2.842894 0.125000 15.874251 
451.791757 337.537299 430.717565 334.888532 2.012835 0.125000 3.076513 
576.924531 354.437267 578.782699 315.656513 5.002022 0.125000 54.890017 
410.534841 602.871512 426.933336 597.039016 3.035362 0.125000 4.195015 
417.251218 623.140915 417.781274 610.610460 1.618690 0.125000 0.957505 
455.298984 465.618565 454.706587 495.631545 2.746191 0.125000 27.311077 
600.381370 621.869930 599.808834 649.384028 1.795843 0.125000 15.160777 
735.386459 441.933330 738.124959 394.447084 3.815747 0.125000 29.648430 
914.457362 686.949992 901.890900 700.751321 4.373230 0.125000 2.025675 
424.903468 504.352196 424.349688 521.874200 2.071184 0.125000 0.510188 
616.987416 668.129999 616.152774 686.898470 2.497532 0.125000 12.697674 
105.270915 394.330524 108.254438 454.430628 3.931318 0.125000 84.588518 
641.535650 709.324494 639.707759 766.845852 4.640160 0.125000 69.424982 
571.549370 634.404261 572.144808 615.593972 3.091981 0.125000 22.420403 
579.919401 640.625436 579.939423 615.624451 1.270021 0.125000 1.496513 
442.521374 441.820285 440.603645 419.165185 5.403918 0.125000 14.797822 
747.238965 763.173655 749.581186 745.652563 2.974837 0.125000 2.160147 
950.218870 675.713038 952.710319 651.831738 3.059109 0.125000 10.572317 
457.613212 524.995337 476.653405 519.811138 4.716900 0.125000 8.684140 
612.121935 688.133995 612.898250 666.821210 2.589345 0.125000 14.810004 
739.288141 294.364911 741.470202 275.577984 3.925459 0.125000 12.021305 
803.109917 270.753143 824.359783 273.254282 1.898389 0.125000 7.279135 
881.147597 535.658588 878.982229 569.349756 2.895720 0.125000 16.971632 
918.385033 513.141826 916.280348 545.667407 3.419306 0.125000 16.836481 
253.144605 218.635298 240.567122 219.118519 5.284248 0.062500 0.016584 
435.247626 626.875741 435.213264 609.375808 1.284360 0.062500 0.409576 
694.396540 715.670623 695.700343 679.332853 4.195801 0.125000 27.888468 
779.559054 624.855012 758.525686 632.919986 4.571912 0.125000 10.321948 
547.621840 421.871363 548.082638 358.124694 4.030002 0.125000 63.829230 
564.479276 393.159175 564.774701 370.646649 6.331472 0.125000 24.294312 
708.929288 613.170137 710.545543 584.370541 2.215910 0.125000 8.599004 
18.284800 425.615724 18.867511 435.654458 2.713106 0.125000 0.957505 
535.102764 361.868515 534.900805 378.131530 1.451685 0.125000 5.919773 
562.291033 278.128073 562.401829 263.128892 1.360764 0.062500 0.355445 
914.458665 701.889558 917.946739 681.843981 3.105857 0.125000 4.208982 
88.859291 424.530652 84.742647 410.891313 3.115731 0.125000 6.588363 
628.161331 246.119331 610.572600 247.412032 4.289650 0.125000 8.075152 
625.376451 671.871054 625.059033 691.866015 1.547460 0.125000 3.666775 
205.976802 509.389977 206.616472 494.363994 1.872738 0.125000 0.526161 
496.588628 370.612232 497.481047 350.596289 5.496126 0.125000 15.579722 
533.063361 425.908953 535.243232 435.978256 4.194062 0.125000 3.125979 
603.622267 399.537337 605.737623 376.769327 6.889646 0.125000 25.202791 
69.383614 297.068820 48.120061 298.013869 2.025780 0.125000 7.461641 
98.384932 473.117443 98.713858 484.430566 5.106872 0.062500 2.609820 
142.664515 215.491763 139.801492 225.386725 3.622843 0.125000 2.239578 
530.802260 509.998694 509.496896 516.053895 2.594617 0.125000 6.563260 
564.631266 426.980937 563.501294 403.048215 7.068380 0.125000 26.382536 
602.917959 680.650655 603.349675 663.099779 2.929579 0.125000 24.437844 
690.441731 300.615523 689.084662 326.859987 1.893830 0.125000 4.060327 
825.471752 314.324643 840.702253 316.270257 2.786559 0.125000 3.125979 
264.194511 484.134896 276.961423 482.588499 5.264337 0.125000 0.369850 
989.232897 370.831219 992.057004 355.658877 3.229198 0.125000 0.581868 
496.292531 443.153967 497.217613 421.835625 2.606032 0.125000 3.182979 
512.309890 341.879190 512.258421 331.866604 2.538519 0.125000 0.957505 
538.725297 655.630201 538.876996 638.120685 3.739030 0.125000 3.683265 
602.933624 439.333863 604.039679 400.579754 6.318778 0.125000 47.036179 
759.905589 433.097617 760.873995 451.862150 4.067139 0.125000 6.030017 
991.408904 492.285781 995.708106 483.784862 7.256911 0.125000 4.227049 
579.370878 598.087535 554.398146 600.835356 3.043923 0.125000 12.021305 
628.939688 338.028501 627.504724 363.089484 5.206193 0.125000 29.578568 
682.117001 411.968473 683.686890 386.910202 5.771803 0.125000 22.556907 
918.913489 719.787532 924.364206 709.369352 5.537850 0.125000 0.781154 
446.720205 454.538623 416.618905 458.827683 4.238286 0.125000 21.976424 
596.186921 646.883853 595.880983 623.105624 2.628446 0.125000 12.477538 
634.858537 410.672882 635.361545 379.330650 6.168961 0.125000 27.001685 
153.972479 576.876304 153.999401 559.376345 6.255762 0.125000 8.663568 
553.713188 660.664487 554.063834 644.341464 4.044440 0.125000 24.190113 
559.436325 525.718059 573.043325 516.751063 3.131226 0.125000 1.941738 
678.554049 370.733270 680.085271 329.308844 5.645475 0.125000 83.757481 
833.141765 217.863538 816.878478 216.820759 1.887310 0.125000 3.666775 
404.259422 633.381353 377.189746 621.176888 3.708361 0.125000 26.275652 
469.443412 399.375777 469.613933 384.363515 1.363500 0.031250 4.268835 
626.127671 758.149426 628.621040 706.838363 3.103753 0.125000 64.367817 
669.375404 246.833930 701.884552 247.153590 3.725238 0.125000 15.682582 
709.382336 305.496083 696.851781 304.783021 1.816120 0.125000 1.860595 
792.479007 410.589930 793.429943 393.073694 2.767369 0.125000 8.225723 
620.797959 688.131493 621.598146 666.817677 2.451344 0.125000 9.055124 
658.127338 297.442308 640.622484 297.514439 3.765420 0.125000 1.097783 
722.885454 355.603460 721.081465 375.666044 3.049684 0.125000 6.806760 
873.012294 568.120209 873.757084 550.598734 2.338486 0.125000 2.224270 
959.226864 450.847034 969.032146 457.388888 2.081226 0.125000 0.054415 
563.752217 633.126238 563.741477 616.874593 2.499999 0.125000 5.716145 
925.644936 693.382698 915.712220 705.695361 3.360047 0.125000 8.225723 
614.596971 279.388837 615.455623 265.614442 4.209356 0.125000 12.477538 
629.386842 485.562723 643.115827 488.173244 2.455995 0.125000 2.379533 
742.917872 737.920024 774.244795 733.460370 3.703930 0.125000 18.376090 
809.042799 659.980038 821.378333 666.752952 7.219262 0.125000 15.294238 
993.892346 766.981530 995.812423 753.151020 2.476251 0.125000 3.263440 
472.133873 203.138454 471.220090 220.720892 3.550316 0.125000 4.994535 
551.881418 240.182225 584.392707 240.653507 2.554091 0.125000 12.571861 
99.056302 310.238702 105.500746 321.943413 3.617344 0.125000 1.745956 
412.402378 383.122097 412.322019 403.126796 1.325308 0.125000 0.054415 
492.263307 486.939283 490.295117 460.556358 2.772050 0.125000 2.466434 
580.685257 601.795420 597.823964 614.772573 2.050380 0.125000 6.588363 
786.849870 746.873870 785.949773 766.889605 2.034909 0.125000 11.794585 
905.693741 683.199363 916.744602 672.983937 3.602201 0.125000 7.401715 
982.746704 474.324717 985.750593 451.725543 2.893797 0.125000 3.950583 
68.124425 275.567491 43.126920 275.817223 2.487388 0.125000 0.163145 
982.836878 704.332436 984.697469 691.737975 4.398273 0.125000 2.160147 
257.724747 646.533720 296.634198 663.671708 4.807213 0.125000 40.720741 
518.212553 343.744322 544.476973 347.390453 2.785061 0.125000 11.876534 
750.793103 643.826037 780.670881 652.975170 3.048105 0.125000 14.029296 
966.409994 623.227363 969.357617 600.622733 2.047659 0.125000 12.697674 
92.680628 454.350592 92.114228 435.655623 5.149122 0.125000 13.798617 
140.567431 459.258306 142.166329 475.596490 3.488677 0.125000 5.357327 
164.353519 622.953458 146.661360 625.168928 4.342204 0.125000 6.526461 
504.722248 452.962942 491.775612 449.779153 2.746000 0.125000 2.239578 
603.090531 620.653712 613.845865 633.565753 1.920897 0.062500 0.387866 
734.396132 458.126493 735.456876 443.113121 2.581880 0.125000 5.919773 
947.833396 598.095728 944.814553 628.169123 2.492256 0.125000 21.108450 
203.201188 448.137211 205.412363 434.340920 2.421149 0.125000 0.526161 
235.050236 376.839081 236.250778 399.408205 2.430072 0.125000 11.685214 
336.321055 366.862099 336.569744 404.377024 6.407299 0.125000 52.007267 
561.922298 467.164163 564.227373 446.858242 7.056063 0.125000 25.325258 
586.605227 174.368816 585.774012 210.628416 2.470696 0.125000 22.709229 
711.709309 144.373051 711.474090 164.370284 2.573338 0.125000 9.211102 
302.260334 364.367372 302.854962 394.405091 4.046148 0.125000 50.596460 
375.618527 447.641907 390.632580 447.440735 1.450854 0.125000 4.569865 
617.228932 406.888013 618.379765 375.588407 2.911676 0.125000 34.835664 
75.929785 505.617473 76.424198 525.636134 2.838727 0.125000 9.088881 
116.585511 358.096898 117.135750 376.903943 2.133374 0.125000 0.510188 
239.207234 406.996755 241.198303 389.298869 4.425228 0.125000 2.789867 
287.306774 439.366747 287.856564 468.130131 2.666762 0.125000 23.305067 
425.124681 594.474062 405.561262 602.978377 3.389891 0.125000 3.757345 
768.921530 766.938574 770.622662 745.624813 2.690977 0.125000 12.552734 
886.406382 589.950021 869.327885 601.807138 2.537580 0.125000 3.375801 
372.555857 737.270203 355.303574 723.528541 4.871687 0.125000 9.468249 
711.602218 184.360311 709.984244 214.407806 2.736401 0.125000 18.452901 
804.131206 416.845337 801.696787 436.853316 2.363753 0.125000 2.403491 
979.366187 476.874060 976.702532 501.856611 3.066242 0.125000 5.554943 
407.635925 499.270087 405.960284 527.046044 7.292465 0.125000 33.961286 
488.167354 340.104063 504.411604 341.424784 2.487667 0.125000 4.845065 
714.149669 379.359937 715.403058 360.610164 1.747461 0.125000 4.569865 
352.652765 660.416911 342.946944 656.017853 2.793056 0.125000 0.614466 
393.304246 531.367050 376.892427 525.575614 2.911742 0.125000 3.375801 
468.416346 438.133083 469.006409 416.864774 2.533705 0.125000 12.720057 
432.114858 604.368364 432.737860 626.885711 1.698949 0.125000 11.248582 
681.048900 450.569675 682.393517 430.492297 6.737196 0.125000 29.949544 
774.352046 731.450283 758.082012 732.329598 2.226525 0.031250 11.596034 
213.251125 469.378881 212.750349 485.651937 5.112979 0.125000 5.708422 
517.755402 596.050472 500.850540 603.628152 2.517385 0.125000 5.644167 
610.603285 538.146216 629.133125 557.111324 1.931809 0.125000 10.964042 
372.003986 654.180879 362.476851 647.850447 4.500052 0.125000 2.745267 
460.537335 336.183412 485.702081 340.134006 3.316902 0.125000 6.598262 
705.362562 616.861263 707.653126 573.100301 1.574985 0.125000 19.523249 
923.063809 734.104380 927.131213 723.975914 6.731450 0.125000 5.756689 
168.725125 503.093643 170.099768 529.402444 2.692266 0.125000 10.392761 
651.422698 414.347090 653.430031 381.816689 2.726214 0.125000 10.400374 
888.911483 521.911779 890.314059 491.918914 2.870045 0.125000 10.660025 
122.635914 394.341773 123.782370 420.596295 3.152001 0.125000 31.785247 
360.178874 481.868899 360.482643 521.895054 3.740406 0.125000 25.865368 
669.180587 364.365258 671.123748 325.587355 3.057151 0.125000 26.981814 
992.282528 518.169244 994.472274 497.999851 3.863010 0.125000 16.014359 
74.561100 483.115894 75.238226 496.955084 3.256823 0.125000 4.845065 
366.469718 363.116173 366.654124 406.875931 3.744699 0.125000 63.053643 
430.634861 401.875156 430.970962 380.610711 2.578707 0.125000 2.396659 
586.271144 143.116218 586.543142 163.129510 1.487703 0.125000 1.374034 
604.902469 377.085559 606.122568 366.785867 4.165102 0.125000 10.891495 
634.132964 675.615585 633.451335 693.137695 1.929310 0.125000 10.891495 
653.702460 364.387386 654.105006 345.619209 1.571364 0.125000 6.376045 
971.740543 498.106926 973.765419 483.043061 5.621538 0.125000 4.560061 
995.683079 439.380963 994.400088 451.877576 2.009441 0.125000 0.054415 
489.254529 664.672072 509.477209 672.872962 3.037393 0.125000 10.099305 
533.119992 609.366326 549.096435 600.142502 4.330148 0.125000 5.847150 
569.485856 363.061157 555.518882 361.882688 3.841818 0.125000 9.055124 
252.457456 340.616219 252.250205 326.869343 3.068044 0.125000 3.263440 
741.032285 498.888773 760.169423 514.918880 2.849943 0.125000 3.757345 
757.561088 761.945984 759.123059 746.848934 2.872649 0.125000 8.581864 
969.803356 561.867287 969.330859 535.625795 2.814644 0.125000 2.070428 
776.343929 222.059943 779.368687 210.301816 2.730434 0.125000 0.510188 
219.365998 238.798554 234.401372 238.563762 4.374390 0.125000 0.281205 
675.608782 751.911354 644.429839 738.002074 5.427466 0.125000 35.598896 
435.844084 257.956126 438.335007 242.749878 3.096827 0.125000 0.345069 
441.816344 192.704161 455.646127 190.776579 3.368986 0.125000 5.644167 
525.233010 449.418237 526.307453 428.096400 2.119373 0.125000 3.967267 
617.653424 640.616697 617.411031 654.384437 1.491850 0.125000 2.379533 
146.506560 483.580836 143.429188 489.532289 3.229310 0.062500 0.409576 
235.665983 560.280444 223.193757 558.796939 2.630141 0.125000 1.496513 
835.490529 328.120582 834.873827 346.891389 1.782920 0.125000 2.224270 
303.414637 395.561676 302.747292 405.682517 5.071409 0.125000 3.551964 
344.543260 683.966494 360.008665 690.336577 4.080903 0.125000 13.317937 
785.255881 742.224204 805.934538 764.082162 2.773110 0.125000 11.205474 
60.835186 459.371346 60.487645 439.377388 1.874622 0.125000 0.054415 
268.198540 443.106757 268.560298 469.351770 2.809870 0.125000 20.397787 
272.205501 441.726048 274.584870 466.973026 3.570523 0.125000 11.169242 
302.959944 406.845384 303.268668 418.155200 2.771938 0.125000 9.988405 
430.444896 332.073104 454.445505 335.058117 3.881834 0.125000 1.003457 
475.962390 561.086966 460.120123 554.304229 4.923276 0.125000 6.310857 
484.444279 408.126828 485.566005 365.623443 2.041033 0.125000 30.933643 
497.411291 408.127551 497.512407 386.872086 1.345128 0.125000 9.988405 
937.420411 708.336688 941.869781 696.872974 2.073203 0.125000 0.054415 
689.377951 379.798831 673.123694 379.740776 3.781228 0.125000 3.426716 
122.777837 572.507393 130.650213 576.829073 2.900337 0.125000 0.957505 
165.276153 606.445555 215.273724 627.701270 5.724117 0.125000 70.198841 
201.142486 330.600892 202.716828 364.394016 2.206434 0.125000 21.976176 
669.376271 459.369081 694.300849 464.720373 2.803596 0.062500 1.295540 
1.945719 218.461232 10.576809 216.645876 3.753384 0.125000 0.510188 
50.441020 278.272224 51.710985 290.641839 2.117256 0.125000 0.054415 
182.109189 445.535769 168.658771 433.765059 3.527719 0.125000 1.212445 
450.080352 244.342687 449.189156 259.363974 2.863572 0.125000 2.286973 
700.388448 753.704777 725.318442 763.876357 3.046233 0.125000 23.713719 
750.481834 730.561198 768.180311 728.632577 1.936283 0.125000 4.148158 
113.148928 281.746804 131.890401 281.347051 3.909085 0.125000 7.369237 
492.430009 444.323570 490.915727 427.982227 4.310692 0.125000 4.990164 
515.337085 634.204623 522.760797 621.659479 2.141962 0.062500 1.500589 
776.855710 741.920253 775.936020 766.932398 2.544243 0.125000 9.994903 
221.760824 638.379841 181.917971 620.529089 6.259763 0.125000 47.770769 
427.881265 513.145726 429.051100 526.902543 1.971923 0.125000 1.860595 
513.467300 682.331874 489.353521 671.924767 4.276624 0.125000 21.969385 
528.962676 623.866385 553.220572 604.200977 4.383662 0.125000 26.409985 
985.116573 690.729048 988.309055 667.975441 3.322060 0.125000 16.014359 
57.532618 320.655122 58.223480 305.572255 4.146441 0.125000 0.912198 
421.936003 576.714379 391.568860 565.181065 2.618049 0.125000 29.507620 
297.208381 663.546868 332.090612 677.589413 5.812728 0.125000 39.149399 
473.888535 665.286870 451.746800 654.641652 5.416244 0.125000 28.772171 
498.441283 223.154557 495.871957 250.648079 2.954388 0.125000 5.847150 
742.908595 378.101045 740.281141 401.836936 3.034939 0.125000 1.418556 
587.894498 348.149980 588.844888 309.362011 2.407394 0.125000 15.970628 
678.040873 192.202473 653.111774 190.873001 2.895861 0.125000 6.019290 
255.720459 652.907710 222.366997 638.255079 4.855539 0.125000 51.828285 
230.429338 375.606053 230.789446 395.644508 3.794315 0.125000 21.976176 
416.906380 434.717514 429.188762 433.592230 4.979147 0.125000 0.619130 
419.571975 554.460865 425.865044 540.024539 5.229802 0.125000 2.400689 
628.679723 695.643199 629.419767 673.085460 4.280805 0.125000 15.602136 
775.051482 734.748786 784.340160 741.920127 2.066134 0.062500 1.585788 
902.347203 699.430186 898.549586 731.924621 3.724650 0.125000 16.897125 
75.635020 457.582017 63.139275 457.351431 1.480413 0.125000 1.860595 
110.507347 549.650100 133.143773 559.331104 3.122636 0.125000 7.827924 
209.244946 360.757478 238.184880 357.389536 2.713389 0.125000 11.378863 
284.380996 310.691874 303.092637 309.014076 1.579909 0.062500 1.835778 
513.734888 389.391096 514.791569 349.353004 2.103389 0.125000 30.890105 
266.424277 369.388343 268.090235 425.663034 3.933302 0.125000 89.662727 
0.100312 745.115774 30.690405 766.782659 2.889989 0.125000 42.843276 
132.828611 547.409594 143.658005 553.413627 4.372893 0.125000 3.752515 
320.725163 576.583000 334.562146 581.329424 2.399119 0.125000 5.472955 
522.708713 620.238677 533.613372 608.488248 4.779061 0.125000 14.257249 
270.646919 725.581399 299.611156 740.141788 5.083051 0.125000 32.277575 
481.998237 463.691348 465.604945 460.736255 3.125607 0.125000 11.248582 
756.934166 732.079913 740.268920 736.891761 2.723240 0.125000 10.359218 
306.959692 370.622636 307.692766 396.887064 2.987284 0.125000 9.767975 
332.358356 655.073721 322.986866 646.856890 3.888810 0.125000 1.141592 
406.260622 598.162361 418.236403 592.094884 5.604912 0.125000 15.931440 
195.395733 208.150925 197.241593 224.474893 3.726253 0.125000 0.469334 
445.244346 620.615742 445.180399 631.879572 2.499960 0.125000 2.763685 
506.622509 555.174122 490.521703 564.190540 3.184634 0.125000 8.327426 
592.224860 201.867380 592.087217 218.126797 2.521073 0.125000 5.716145 
694.067070 683.915687 683.453239 679.782166 3.494359 0.125000 2.239578 
769.152396 704.999247 708.089537 683.224449 3.961000 0.125000 54.063763 
471.082413 595.705858 432.622674 580.658939 2.987581 0.125000 44.463481 
454.547624 648.978484 474.563352 657.692356 2.791154 0.125000 12.477538 
884.047833 528.098290 886.091887 503.061066 1.474586 0.125000 1.374034 
458.354515 569.995161 449.423896 566.740819 3.632826 0.125000 1.374034 
789.229712 380.294375 814.391487 384.270670 4.353367 0.125000 24.874159 
141.379705 496.761192 143.022680 525.701772 3.743972 0.125000 32.877952 
190.669317 380.623541 192.481903 435.687317 4.282597 0.125000 94.368509 
718.252407 138.129472 717.330585 164.390992 2.235361 0.125000 1.872824 
149.918479 469.507738 153.010680 456.847079 4.829235 0.125000 0.048199 
315.028765 679.161149 256.385629 652.970754 6.892495 0.125000 102.750834 
640.558652 663.967896 650.975389 694.254488 2.958671 0.125000 14.814666 
26.886047 335.724684 55.560922 332.546804 2.071724 0.125000 4.553457 
649.187974 732.308433 676.918521 744.274141 3.285895 0.125000 22.857191 
680.887066 245.374638 682.406292 231.794597 7.870423 0.125000 7.236413 
874.276144 587.604896 824.414361 597.082088 2.344573 0.125000 29.602773 
943.389482 623.993978 910.917346 601.453835 3.419090 0.125000 27.556505 
97.776478 323.147531 96.966559 310.619081 1.811874 0.125000 0.054415 
591.067402 600.098269 604.054717 611.006334 2.871533 0.125000 11.248582 
679.375163 424.540217 680.900772 412.996250 3.062589 0.125000 3.975210 
61.290833 305.581480 61.870944 314.456966 2.739259 0.125000 0.957505 
277.944062 378.138489 276.540195 359.306774 4.428601 0.125000 6.598262 
132.090897 543.818072 108.073601 534.507589 2.520923 0.125000 21.054747 
379.590488 578.141463 377.961957 599.458041 3.643885 0.125000 2.789867 
394.051667 505.623035 393.952918 521.872435 2.499954 0.125000 4.845065 
485.774779 418.118303 486.449115 433.199933 3.187910 0.125000 3.125979 
867.647683 378.068847 866.308141 389.455367 2.628924 0.125000 1.496513 
449.524849 551.439117 431.568655 545.266103 3.214014 0.125000 9.927891 
529.197919 544.036094 513.354579 552.314378 2.315511 0.125000 7.279135 
540.615648 188.920966 556.882449 188.995323 6.272790 0.125000 11.811174 
554.301516 601.719007 542.144017 607.446072 2.990588 0.125000 3.076513 
239.059984 638.900832 252.405107 644.319432 4.415026 0.125000 4.208982 
493.653677 410.632157 493.479925 393.121478 2.586696 0.125000 7.461641 
684.440921 606.793128 674.710409 598.958430 2.731186 0.125000 0.510188 
713.093880 766.955907 699.021812 761.543230 4.397515 0.125000 7.161985 
746.352677 655.586645 745.159111 671.840789 2.310201 0.125000 3.106678 
78.181867 378.515221 113.345890 373.390737 3.735685 0.125000 26.185224 
445.184872 276.889125 444.541099 256.829553 2.458618 0.125000 2.745267 
784.296999 478.215358 803.078804 494.428515 2.450426 0.125000 0.163145 
38.108494 350.460652 56.795536 348.583808 2.737318 0.125000 3.375801 
423.967962 348.119321 423.305145 395.627513 3.784511 0.125000 49.709057 
487.687256 376.868870 487.406993 396.882450 1.529923 0.125000 10.359218 
558.626851 280.614433 558.926935 259.368671 2.711596 0.125000 6.563260 
271.487623 371.885507 273.114772 431.875277 2.939680 0.125000 32.552566 
338.347417 688.144347 315.996818 679.028058 6.259215 0.125000 34.948927 
577.478087 480.614167 577.750135 464.368722 1.480052 0.125000 0.614466 
698.549655 244.405470 699.626825 229.393069 1.604635 0.125000 0.054415 
945.276253 675.288583 935.459386 685.465241 3.534962 0.125000 0.581868 
333.112216 283.853582 353.130830 283.362788 2.958803 0.125000 13.028547 
580.532978 517.944483 562.596375 527.088011 2.336092 0.125000 5.644167 
597.523500 168.124998 597.523545 184.375002 2.500035 0.125000 3.076513 
701.766891 581.865845 698.482233 620.655250 2.174670 0.125000 14.171352 
778.964426 766.931116 780.134661 749.425783 2.827939 0.125000 13.600764 
11.554825 376.798510 13.512228 400.593146 2.081657 0.125000 6.503279 
276.666737 561.221953 293.097367 566.954207 2.360472 0.125000 1.450426 
412.496110 416.847864 413.370628 436.864268 1.467051 0.125000 0.614466 
874.505778 670.490135 864.998544 661.271036 3.535115 0.062500 0.135432 
921.947421 291.103571 899.434567 292.046777 5.571187 0.125000 25.559820 
537.289211 460.156130 523.155095 456.750113 3.103813 0.125000 1.579118 
555.491808 593.522777 581.873498 591.851298 4.453842 0.125000 10.425077 
746.944784 376.009923 773.125253 378.121859 3.978720 0.125000 17.404908 
1001.847376 735.735604 1023.025154 741.024783 2.424292 0.062500 0.013442 
431.304992 376.878998 431.217270 364.370846 1.337632 0.125000 0.614466 
463.977271 243.706131 468.473243 237.112453 4.506693 0.125000 0.526161 
523.083734 464.532264 538.038079 468.456257 2.992692 0.125000 3.125979 
902.648843 733.900459 917.000435 719.500010 3.556556 0.125000 3.308467 
927.253619 468.336691 940.324603 476.128899 3.881829 0.125000 5.357327 
351.757666 341.975602 373.041081 339.802931 3.603668 0.125000 9.767975 
517.804839 354.358789 516.409559 381.914726 2.243953 0.125000 15.160777 
691.024168 745.692183 693.173368 732.922755 4.332531 0.125000 9.084131 
703.571898 698.185876 698.275689 737.065801 6.024091 0.125000 38.616136 
932.415635 553.221462 929.744720 568.190967 4.569946 0.125000 3.007108 
215.659012 628.050198 238.543121 638.455431 3.931078 0.125000 20.498353 
496.304890 296.863353 496.022534 310.684196 3.124218 0.125000 6.376045 
500.481938 255.620802 501.141588 233.140158 3.931702 0.125000 6.144840 
522.012044 418.128983 523.866670 354.323891 3.385232 0.125000 45.348098 
556.542004 315.610998 556.017330 328.088937 2.602821 0.125000 1.496513 
981.323853 720.540057 983.640040 705.511727 4.180039 0.125000 1.665711 
1022.704367 470.725312 1016.286652 474.667096 3.253820 0.125000 0.054415 
788.833983 556.310529 805.526756 560.976474 4.284566 0.125000 2.146433 
868.275202 594.066253 844.336900 597.886241 1.809699 0.125000 3.930666 
35.770541 206.865483 34.056024 180.645858 1.328900 0.125000 5.472955 
176.851414 207.582101 154.339598 208.560115 3.963484 0.125000 3.836175 
379.287693 722.026013 417.142937 743.911551 3.973770 0.125000 37.763143 
492.970538 549.371566 493.637869 519.358610 1.527557 0.125000 3.975210 
532.916922 614.226513 517.808080 635.398842 3.491964 0.125000 19.436892 
552.175556 363.126311 552.061088 389.375811 2.570838 0.125000 5.783201 
864.259546 739.698083 782.703656 710.554078 3.700921 0.125000 117.605644 
805.575660 614.097240 834.307228 608.993476 2.161841 0.125000 3.426716 
121.944927 658.120023 118.119474 604.375393 3.119298 0.125000 50.831033 
128.061191 534.379831 127.105889 521.762873 2.492865 0.125000 0.510188 
146.234207 625.752871 138.786289 621.709377 2.982017 0.062500 0.682599 
450.585009 761.970004 460.420745 766.110237 2.789142 0.125000 0.614466 
483.552514 708.774434 476.212626 703.549512 5.229731 0.125000 5.656078 
555.039626 331.845798 553.851584 355.661246 3.181967 0.125000 18.425367 
80.494258 281.828646 74.284685 299.342980 2.624068 0.125000 0.581868 
599.776238 355.646727 600.724745 338.130401 2.901873 0.125000 0.060344 
1004.883140 459.297542 1002.647901 480.705699 2.486483 0.125000 1.613955 
307.713565 403.109133 308.045025 420.626513 1.533552 0.062500 2.763685 
545.442067 605.391915 533.623532 614.667514 2.949954 0.125000 7.693938 
833.581948 633.805055 849.124066 623.361864 3.809759 0.125000 7.591995 
450.655078 186.030327 434.401820 187.236427 2.308137 0.125000 3.106678 
559.970877 238.156858 560.165354 226.888641 7.606735 0.125000 6.891444 
571.962014 189.376055 571.673964 213.137716 1.310516 0.125000 0.614466 
603.374896 176.882403 602.374896 210.639808 1.471528 0.125000 13.028547 
770.759861 255.657875 773.628912 243.888412 2.749876 0.125000 2.379533 
486.031457 564.552965 490.050632 555.373516 2.933800 0.125000 0.614466 
593.842679 508.146563 594.707954 479.347447 1.710541 0.125000 5.716145 
653.128375 195.505367 674.396712 196.105340 4.277230 0.125000 26.535364 
221.890958 207.198972 198.075598 208.372063 2.496973 0.125000 4.765634 
443.473987 604.176291 454.827990 624.117074 3.425049 0.125000 6.794325 
491.925592 510.625563 491.522315 546.884980 1.653070 0.125000 11.794585 
1015.159806 658.044698 1012.992137 670.602065 2.250933 0.125000 1.860595 
6.879502 292.019989 26.860241 291.399634 1.443352 0.125000 0.054415 
68.741795 344.420089 70.165073 364.407750 2.760041 0.125000 4.361632 
608.235539 391.870967 608.738217 405.648234 3.701929 0.062500 0.013442 
717.510917 351.852495 716.594285 376.864713 1.386497 0.125000 0.510188 
705.704092 688.129782 705.176926 696.847906 3.894057 0.125000 0.510188 
39.263767 185.686872 56.959742 184.030174 4.861716 0.125000 8.110191 
201.477713 409.373301 201.541865 394.368232 2.553418 0.125000 3.106678 
915.904711 724.628232 903.996147 737.782011 2.516799 0.125000 5.644167 
486.005427 588.132649 486.483790 564.342000 2.474366 0.125000 14.290563 
555.794347 294.383486 554.791512 314.395872 3.932980 0.125000 12.998183 
583.139982 216.694284 570.622386 215.656529 1.968654 0.125000 0.054415 
695.924445 173.138622 693.876449 218.159184 1.702161 0.125000 20.397787 
828.170874 385.248265 844.633407 387.252848 6.506358 0.125000 8.740634 
940.073389 510.577537 939.112495 521.744856 3.348080 0.125000 1.374095 
474.215283 593.445397 484.720384 598.682147 3.356119 0.125000 0.616533 
584.515085 211.655029 574.362860 213.035737 2.814096 0.125000 0.614466 
705.844107 574.387074 703.501621 616.895754 1.454441 0.125000 19.269182 
0.270934 530.141749 81.037814 567.437969 4.980182 0.125000 97.779069 
105.787379 536.863980 107.572215 563.162517 2.979628 0.125000 17.576458 
191.159297 456.499991 183.806494 446.024019 3.482505 0.125000 0.935734 
399.883241 354.362169 400.357087 373.131764 2.625390 0.125000 9.211102 
454.378593 126.824897 433.058955 125.295909 2.493595 0.031250 3.900763 
401.617218 565.049527 470.776048 591.479759 3.019516 0.125000 47.645120 
526.300337 411.904127 527.217467 390.639771 3.036302 0.125000 6.019290 
644.961656 693.028964 641.475929 671.735702 2.892988 0.125000 1.212445 
199.890498 450.102819 189.193461 439.542687 2.634518 0.125000 2.224270 
260.899531 659.361932 262.567523 694.401538 1.842951 0.125000 23.734822 
420.565201 762.293850 381.936897 740.202481 8.528207 0.125000 73.536482 
543.625341 571.816092 561.794649 564.183721 2.720420 0.125000 0.060344 
579.558084 386.880820 578.485018 420.636445 2.043699 0.125000 11.757392 
822.950784 181.861923 824.543955 160.637682 1.807892 0.125000 0.526161 
159.787635 334.358145 161.066114 365.658040 1.936751 0.125000 15.160777 
212.126702 646.861916 214.077565 684.390462 2.366846 0.125000 19.546969 
691.607244 767.060943 693.184170 748.129929 4.048349 0.125000 7.299329 
299.812817 740.719140 310.267098 747.036032 5.394658 0.125000 1.960005 
419.529588 541.456552 404.299274 535.829981 3.084456 0.125000 5.656078 
536.949871 453.132083 538.601776 435.670103 2.135714 0.125000 1.374095 
719.544239 349.386492 720.817373 330.638063 1.755254 0.125000 2.379533 
181.628606 619.976225 167.662820 614.252762 4.266123 0.125000 15.160777 
431.160785 744.627889 447.867162 753.604844 4.157749 0.125000 5.099469 
481.965266 366.876104 481.644226 393.122177 1.311062 0.125000 4.569865 
871.154489 607.140379 886.880559 595.632596 3.887881 0.125000 11.206021 
13.091058 421.879444 11.279110 408.039364 4.494958 0.125000 1.212445 
580.475397 209.371755 581.179963 176.887037 2.960198 0.125000 17.976429 
633.507157 651.662244 640.062952 663.437906 2.167337 0.125000 0.614466 
671.199528 323.147244 671.829616 306.873243 1.635949 0.125000 0.614466 
548.202041 434.552059 546.642623 424.221389 4.081141 0.125000 4.786592 
111.816104 423.127089 112.703244 448.139959 1.869503 0.125000 8.225723 
172.998637 514.387894 174.526372 529.359554 1.751116 0.125000 0.054415 
359.506162 697.772376 349.087788 693.897159 6.293672 0.125000 12.589060 
489.437872 99.167563 478.228636 99.843534 3.893689 0.125000 1.450426 
381.677214 740.243633 370.629520 733.117993 6.911936 0.125000 4.881912 
484.730045 665.626538 484.984511 606.872226 2.629906 0.125000 63.706283 
688.129747 394.375244 687.422860 408.153109 1.632648 0.125000 0.054415 
782.370644 673.092198 782.967411 659.368147 1.683242 0.125000 0.957505 
20.611707 296.629634 36.881675 295.748211 2.428720 0.062500 2.505127 
107.751921 564.397356 109.174474 588.137016 2.169602 0.062500 1.368457 
574.386151 604.416340 554.171070 609.868947 2.969549 0.125000 3.426716 
592.783234 300.591202 589.821015 330.545493 2.118822 0.125000 0.781154 
265.463377 739.698974 297.977987 755.919689 2.815224 0.125000 27.777526 
373.783966 603.118478 373.400456 564.372274 2.697828 0.125000 28.687434 
583.072361 161.875371 583.067379 144.375016 3.753914 0.125000 1.518789 
683.537303 626.488019 662.942853 604.545960 3.925599 0.125000 19.148922 
0.656008 299.579662 10.801883 298.042491 6.741220 0.125000 2.260851 
411.875000 611.875000 411.875000 733.125000 1.250000 0.125000 73.204704 
657.427780 364.396819 657.971600 350.618945 1.742026 0.062500 1.060487 
701.415544 615.677508 703.575711 583.154937 1.748915 0.125000 8.202956 
718.287318 378.134729 719.859564 351.904044 1.598044 0.125000 1.450426 
284.236804 350.929278 303.131323 348.168267 3.405744 0.125000 1.518789 
379.566420 615.202919 399.445945 624.218565 3.004758 0.125000 15.160777 
621.859398 600.639238 630.814454 610.452107 1.927351 0.125000 0.054415 
77.578032 572.840529 26.312498 549.352744 5.251726 0.125000 73.452632 
527.268800 375.632466 527.671964 354.366411 1.581483 0.125000 11.248582 
750.614589 725.476688 773.091580 723.898900 1.509519 0.125000 3.666775 
155.620449 589.530339 154.173006 577.840460 2.790493 0.125000 1.374034 
750.627160 531.872679 733.146710 515.601677 2.554991 0.125000 8.327426 
772.783756 388.186991 770.316635 424.353965 2.238991 0.125000 11.569470 
812.636226 416.860219 812.181873 431.884280 1.589492 0.125000 0.510188 
893.125913 78.371859 878.126118 78.427319 2.523091 0.125000 1.374095 
85.705355 524.371352 84.796791 504.355854 1.757574 0.125000 2.224270 
135.461429 437.946892 115.948988 455.866687 2.592775 0.125000 3.185126 
236.074903 401.865765 236.537061 424.381936 1.634511 0.125000 15.406944 
573.290154 564.768714 560.431115 570.162795 2.901173 0.125000 3.076513 
260.515729 230.333958 275.719186 224.625863 2.048965 0.125000 1.496513 
390.624819 184.457391 416.880189 184.515119 3.752739 0.125000 8.110014 
554.320541 576.755865 570.597692 569.315261 1.461536 0.125000 0.054415 
716.858703 222.141166 693.121159 220.687729 1.858813 0.125000 9.085315 
744.601824 672.418514 731.814620 668.313066 2.806266 0.125000 5.033622 
198.167312 704.296086 220.848887 716.457439 3.304912 0.125000 15.441466 
359.748402 652.920831 362.302409 673.228454 4.500584 0.125000 7.064880 
261.870609 275.517740 278.144507 274.851463 2.958113 0.125000 2.403491 
314.205504 434.257737 313.162943 446.878134 2.594424 0.125000 0.510188 
376.489067 539.368129 376.177196 556.884831 1.539075 0.125000 1.374095 
482.666253 443.145962 483.262781 420.628650 1.481285 0.125000 1.860595 
539.704934 580.048554 524.150920 587.667545 2.817800 0.125000 3.230623 
606.731833 613.244731 622.132368 631.659762 3.190556 0.125000 12.187514 
642.914357 627.076865 621.501502 604.732934 2.745067 0.125000 23.713719 
704.273612 214.373121 704.875628 181.884277 2.777472 0.125000 8.537305 
888.073003 754.496323 874.193750 748.547904 4.267496 0.125000 10.099305 
69.853352 398.149288 69.459055 385.622354 2.070389 0.031250 0.399922 
654.233763 635.763052 682.666245 664.851600 1.747491 0.125000 14.192858 
102.693013 559.390035 101.996257 539.370780 1.814470 0.125000 9.988405 
213.444400 766.349440 173.137846 741.853862 1.758684 0.125000 20.140033 
715.302804 431.914471 717.165190 388.137345 1.753921 0.125000 18.649351 
129.424125 497.642745 118.147745 497.322960 4.997991 0.125000 5.174094 
390.516418 337.176584 401.903383 335.872914 2.625956 0.125000 0.614466 
0.532697 404.480110 10.568244 403.671024 2.793269 0.125000 2.763685 
35.525220 399.774260 58.153763 397.120239 2.996420 0.125000 8.772703 
516.740254 648.610445 530.002074 624.590908 4.605308 0.125000 16.723224 
528.819554 560.705151 530.259511 548.227072 1.858518 0.125000 0.054415 
570.940109 358.130646 571.321142 336.865076 1.608099 0.125000 11.794585 
820.807468 294.110982 806.743102 295.258707 5.796782 0.125000 7.832376 
23.908653 547.899434 -0.006669 537.012600 4.550668 0.125000 23.962113 
25.986283 551.842508 27.679069 570.665104 1.818159 0.125000 3.975210 
86.910063 559.440405 85.896364 540.610391 2.966753 0.125000 2.160147 
976.880386 2.048743 941.876158 2.181173 5.099274 0.125000 21.031403 
489.695396 565.612818 490.600731 589.423451 2.403208 0.125000 11.620022 
725.034979 523.563440 738.347017 534.389087 2.185335 0.125000 1.374095 
14.517591 461.946915 12.400164 429.340896 3.904126 0.125000 22.501227 
195.570835 490.415684 169.452465 497.174359 2.733428 0.125000 6.267636 
491.377970 559.844738 504.801210 551.294087 3.162814 0.125000 3.375801 
489.318491 548.124875 489.382175 519.375016 1.266610 0.125000 4.148158 
605.580493 588.166252 591.748186 573.242540 3.018493 0.125000 17.121473 
722.767807 646.493688 704.091582 638.814268 4.624331 0.125000 7.492573 
795.572161 740.673143 810.465995 757.019873 2.176480 0.125000 6.503332 
89.415707 599.304540 81.626794 594.804619 3.415950 0.062500 0.387866 
583.125000 183.125000 583.125000 205.625000 1.250000 0.125000 1.860595 
404.796347 616.900616 403.963490 630.599982 2.798809 0.125000 2.224270 
483.483193 755.629150 484.004698 710.620709 1.727841 0.125000 42.843276 
551.484147 611.398434 537.000049 623.277473 2.899550 0.125000 13.919099 
831.635750 345.623815 831.710028 330.624183 2.530919 0.125000 1.374095 
414.356694 180.455287 401.867177 181.802472 1.779007 0.062500 0.355445 
515.323742 643.053407 513.591426 680.588837 3.304134 0.125000 19.148922 
157.058195 611.855464 154.643601 589.213056 2.933564 0.125000 2.711772 
394.319850 471.874343 393.947390 503.119903 2.633918 0.125000 10.769217 
530.405429 475.213704 519.264513 472.297031 2.101915 0.031250 6.087928 
1023.003286 644.875167 1000.612487 639.426422 2.133552 0.125000 4.810681 
33.106167 751.902023 1.262586 729.710115 3.666503 0.125000 16.358816 
744.427034 69.760910 725.616546 70.359219 5.275645 0.125000 9.435926 
486.860491 520.624535 486.219949 540.603999 2.234206 0.125000 0.935734 
771.799741 72.056486 750.542778 70.938924 3.482321 0.125000 22.420403 
917.297194 6.173741 893.059148 0.929348 6.801681 0.125000 20.314579 
104.375872 704.373564 131.672851 720.957730 2.285756 0.125000 8.166320 
783.180532 714.218051 805.535576 722.127738 1.378072 0.125000 1.496513 
874.386409 49.087964 851.921899 48.195068 4.193842 0.125000 22.770153 
0.730614 734.226266 29.284717 754.502144 2.924803 0.125000 11.986960 
63.038644 670.776378 23.175834 648.035891 1.566707 0.125000 13.422371 
10.223680 316.115955 17.174283 312.441055 4.026351 0.125000 1.496513 
136.054506 723.672887 203.535808 764.953453 2.460180 0.125000 40.208523 
733.168546 695.507256 754.301752 703.323055 1.349216 0.125000 2.763685 
180.650230 741.833342 149.478421 722.954239 1.581394 0.125000 9.927891 
536.779991 623.538019 522.848730 645.925222 3.726033 0.125000 22.027684 
759.227029 707.280680 726.921568 695.497328 1.520700 0.125000 2.745267 
841.911890 705.471025 827.775413 702.084135 3.938035 0.125000 0.334600 
778.014946 618.364739 763.096364 617.262630 3.045762 0.125000 0.128954 
460.518460 353.123182 459.942368 386.884681 1.612367 0.125000 12.477538 
778.237078 664.047189 764.012939 659.183970 2.923339 0.125000 3.930666 
31.373157 660.194573 71.598995 684.825751 2.066375 0.125000 12.202408 
37.246674 606.338169 50.376449 615.428547 5.138603 0.125000 2.400689 
839.390445 139.036937 819.318124 138.119878 2.326244 0.125000 5.656078 
1001.827687 39.289080 1023.194805 40.157523 4.254536 0.125000 14.814666 
1000.128657 652.230108 1015.230712 656.900075 3.951904 0.125000 4.765634 
675.090699 662.482819 653.185917 638.070340 2.791127 0.125000 22.709229 
975.606847 65.482360 962.992982 67.087634 7.146828 0.125000 3.068233 
473.234584 117.209815 494.479335 119.753645 4.169240 0.125000 19.436892 
834.798021 75.334056 815.766511 70.109514 4.490709 0.125000 14.791356 
134.251855 718.325327 113.252942 705.416870 1.631922 0.125000 3.076513 
599.837040 540.236482 582.121113 519.168049 2.479093 0.125000 4.227049 
624.433683 566.825280 611.812135 551.928263 2.649448 0.125000 0.060344 
940.844950 3.117362 917.955869 7.169680 3.692577 0.125000 20.189297 
604.654350 199.388601 604.356394 178.125261 1.442532 0.125000 0.957505 
846.900445 293.946881 839.345322 293.832326 6.344037 0.125000 4.195015 
100.369395 107.397984 86.722817 105.430605 3.722966 0.125000 1.369131 
401.605609 526.868932 401.915168 513.125905 1.334129 0.031250 0.191976 
651.781381 119.981565 664.556552 118.122784 3.985822 0.062500 1.368457 
731.647094 93.582487 741.879304 90.639967 3.949405 0.125000 3.930666 
945.711849 57.425675 933.095952 55.858902 3.096412 0.125000 2.224270 
961.980572 67.219641 951.970918 66.052431 3.869541 0.031250 2.188767 
396.860430 118.464329 406.895601 118.895216 3.175171 0.062500 0.682599 
492.013556 616.942731 490.857834 640.636357 2.862430 0.125000 4.458653 
732.723950 754.338347 731.570303 766.961393 2.489624 0.125000 4.569865 
313.826667 711.938032 311.525008 691.915232 3.197394 0.125000 7.161985 
415.630613 118.781531 446.877818 119.077076 6.226076 0.125000 42.595109 
789.373145 2.393939 779.368804 2.358174 3.776788 0.125000 3.106678 
834.393754 116.511165 791.886338 117.410743 2.843260 0.125000 17.935230 
310.617738 122.123872 276.860006 121.138898 1.577578 0.125000 15.406944 
388.084687 116.003019 396.736295 116.925649 5.369464 0.125000 0.757712 
522.336933 660.631846 521.688727 704.372240 1.435085 0.125000 17.213124 
993.706816 69.443049 974.061104 64.331406 7.887849 0.125000 41.936155 
165.073227 82.819509 176.884276 89.719409 8.100456 0.125000 4.770223 
58.026245 2.776065 43.204282 1.151612 2.485119 0.125000 2.239578 
364.377427 122.998246 314.395757 122.041099 2.135294 0.125000 17.868775 
686.935881 8.458562 666.918285 12.112154 3.357135 0.125000 0.781154 
886.875947 1.474281 860.626093 1.412279 2.529518 0.125000 17.121473 
161.868245 102.126835 129.358106 101.254820 2.867783 0.125000 0.384932 
574.375584 128.808220 549.374534 128.829595 1.270306 0.125000 1.496513 
646.679845 618.300096 659.089351 632.131288 1.287003 0.125000 0.054415 
545.625361 94.383736 519.316985 95.470211 2.858918 0.125000 3.757345 
259.203698 120.821225 224.249915 116.681033 2.711640 0.125000 5.927131 
840.896352 1.931000 816.884359 6.920046 4.275290 0.125000 12.745691 
825.729856 45.068042 813.139811 46.972891 1.983911 0.062500 1.585788 
190.749239 745.422824 210.842838 757.770509 0.927790 0.062500 0.409576 
262.936619 763.451088 246.421374 753.910227 1.949017 0.062500 0.879834 
409.375000 706.875000 409.375000 676.875000 1.250000 0.125000 7.279135 
1008.177007 67.574183 994.314542 66.265327 2.803923 0.062500 0.394494 
724.403847 69.711957 706.818704 71.217403 1.885172 0.125000 4.569865 
78.132323 124.302860 88.281519 125.333120 6.344286 0.125000 3.185126 
