398.354285 69.405673 400.720170 51.720509 3.219650 0.125000 13.881518 
414.236239 18.193596 425.629478 41.240718 3.336326 0.125000 12.854268 
556.760562 488.969101 514.376605 491.898218 3.700582 0.125000 28.170874 
399.850039 52.171347 409.387580 36.882848 3.055250 0.125000 2.442553 
12.004189 396.714281 23.244335 395.381202 3.723901 0.031250 0.156192 
735.374972 272.092928 740.076576 304.454676 3.192893 0.125000 26.469517 
488.422375 113.089639 498.252686 195.758457 6.179585 0.125000 86.793120 
450.664469 239.717979 431.875593 241.880151 2.769416 0.125000 12.124094 
422.496254 39.786415 416.040803 29.920850 2.453499 0.125000 0.336821 
29.448334 394.925667 39.437639 393.595361 3.552173 0.062500 4.021745 
373.063427 81.853034 380.239484 61.737470 2.857333 0.125000 5.639734 
418.167143 580.436362 301.901913 585.052810 4.085028 0.125000 126.307416 
45.735904 393.009256 57.000433 391.907850 3.732202 0.125000 1.732833 
414.568220 31.311795 402.187933 54.541776 3.012189 0.125000 5.084867 
436.763077 62.612368 428.266056 43.748417 3.244703 0.125000 9.697712 
459.493898 63.070479 466.953880 79.338829 5.065967 0.125000 8.676757 
188.333290 331.862885 190.157429 363.224901 4.034002 0.125000 20.489619 
564.357892 500.756876 549.287203 498.801770 2.800852 0.125000 5.998552 
500.102464 197.042110 502.873088 205.705563 3.571792 0.125000 0.792594 
93.532296 384.321944 92.973710 393.194174 2.809232 0.125000 0.896872 
369.559566 209.122706 365.207303 162.811833 7.233180 0.125000 58.117267 
408.559700 34.703639 398.308224 48.263520 2.213517 0.125000 0.067922 
513.360102 409.501927 506.452770 354.271476 2.947940 0.125000 66.152744 
522.397709 489.457706 514.006371 415.666920 3.019800 0.125000 80.638506 
87.023685 346.856824 91.614069 384.406898 4.577714 0.125000 23.126493 
408.716264 29.463499 409.264382 18.059603 4.729300 0.125000 0.445552 
867.413295 466.987141 858.967599 413.386150 3.382607 0.125000 53.864849 
365.481159 158.019380 362.265123 124.337750 3.195154 0.125000 39.156329 
379.970850 213.224448 368.708820 218.197204 3.296795 0.125000 3.389084 
503.119334 493.125501 505.672720 521.981387 3.592058 0.125000 11.347577 
98.064833 387.683875 108.216955 386.299190 3.546670 0.031250 3.303889 
500.306912 206.589203 504.940545 241.964653 4.189602 0.125000 22.659520 
392.448649 424.443165 385.002611 350.561747 2.979031 0.125000 78.091528 
879.393401 302.059043 889.418167 301.056753 3.233738 0.125000 0.792594 
370.174089 131.793454 375.540816 184.383591 2.918727 0.125000 53.597240 
396.208883 47.319125 407.101838 32.998341 2.444371 0.125000 1.040119 
373.859024 267.541185 392.863065 262.194066 3.911780 0.125000 7.581736 
454.900518 198.346144 444.252869 103.278680 3.716750 0.125000 119.981121 
543.231822 566.640883 419.405122 579.661461 3.209198 0.125000 138.659774 
402.708020 55.577628 401.133976 69.432823 2.342921 0.125000 1.656441 
506.291570 475.431005 507.594696 488.305202 7.461872 0.031250 5.728017 
861.967710 304.020075 871.989663 302.982024 3.730045 0.015625 2.137212 
471.851732 334.231283 476.848006 376.878162 3.568683 0.125000 33.442523 
839.616217 260.784813 844.568094 292.042437 2.786950 0.125000 26.607272 
386.165242 324.608309 384.352042 309.377733 5.171792 0.125000 2.683095 
333.296611 319.350538 338.485350 355.751813 3.538802 0.125000 27.043997 
589.376527 245.953498 610.196274 325.080007 3.562248 0.125000 81.071224 
438.027552 130.638515 439.775689 143.242794 2.855826 0.125000 3.389084 
178.054455 401.215396 278.113129 390.514004 3.555941 0.125000 91.120073 
285.545315 389.870716 335.385237 384.605454 3.475583 0.125000 37.484996 
375.304538 233.064717 376.364453 249.408110 2.980135 0.125000 6.009197 
71.804514 412.459152 119.301553 407.431176 2.866807 0.125000 43.342917 
769.733647 458.078818 772.011468 475.768385 2.479528 0.125000 11.173901 
69.793843 375.582085 66.700015 345.386778 7.649541 0.125000 32.294119 
396.828848 48.060959 382.976637 61.724589 2.706106 0.125000 11.246448 
371.338881 249.199581 368.911848 222.028023 6.558847 0.125000 39.055634 
734.362437 340.516235 783.182995 334.877088 2.680024 0.125000 42.519252 
438.199596 155.770260 427.265439 161.385302 3.967062 0.125000 0.627476 
339.351578 384.161916 378.182022 379.893774 2.498382 0.125000 30.801360 
630.509949 352.103004 675.641584 347.022319 2.640506 0.125000 42.996763 
684.294086 346.182202 730.641830 340.769101 2.673597 0.125000 40.859767 
124.242479 406.873453 170.503241 401.975092 2.559266 0.125000 45.887373 
385.050322 258.524809 373.417739 263.286417 4.945088 0.125000 2.425689 
21.829167 417.700039 66.844798 412.844973 2.692511 0.125000 42.808824 
470.620368 565.539413 443.133222 567.026934 2.496347 0.125000 6.065608 
505.037710 415.474544 503.080673 423.113644 3.278795 0.125000 0.336821 
575.486401 358.083565 623.108652 352.972676 2.752498 0.125000 42.519252 
437.322771 296.948341 439.980169 280.724122 3.477364 0.125000 4.034922 
482.873119 346.904439 489.587191 404.350200 1.693132 0.125000 33.859764 
506.055611 466.871688 506.025253 474.381671 6.265107 0.062500 0.655221 
208.021421 394.961941 188.116617 398.071338 3.241752 0.125000 2.705838 
376.621170 164.265300 373.055136 131.882694 5.095719 0.125000 18.531050 
439.783741 144.339464 440.881088 156.961410 2.274073 0.125000 3.046091 
259.424759 389.772847 229.425024 393.524962 2.480673 0.125000 18.723047 
370.063696 343.049492 372.750748 323.074655 4.049826 0.125000 7.352456 
492.514421 404.453052 483.706424 335.550675 4.438040 0.125000 90.112784 
789.359870 334.239883 835.590091 329.063245 2.762672 0.125000 39.957363 
379.702616 62.180768 394.168000 46.681804 2.558664 0.125000 5.299257 
503.567799 296.959268 501.475438 276.916713 3.005645 0.125000 4.491389 
434.479899 99.362804 437.971272 129.392873 2.483273 0.125000 16.213847 
440.327688 73.126843 440.482648 98.125882 2.484456 0.125000 1.948118 
561.910099 288.547212 578.151769 287.197008 2.698522 0.125000 0.411361 
419.152771 248.561208 465.670994 243.552133 7.552340 0.125000 77.983613 
371.673676 258.856598 386.816987 252.975619 5.498053 0.125000 6.301643 
829.235798 284.404538 824.651625 262.801056 3.334290 0.125000 6.039095 
618.025044 331.125462 628.177878 329.771512 3.304229 0.125000 0.792594 
690.730232 458.654378 673.178357 462.143416 3.198063 0.125000 2.679066 
331.951410 382.630911 288.143617 387.059172 3.003661 0.125000 14.156832 
355.810623 358.688630 368.793296 338.555955 3.387160 0.125000 8.357559 
114.474379 385.584424 125.750953 384.657820 3.532667 0.031250 4.194200 
451.163914 210.606175 452.126397 238.159882 5.869699 0.125000 22.988846 
634.480712 329.204999 645.745142 328.102418 2.863624 0.062500 3.614138 
790.710464 311.531780 804.389453 310.989743 1.692497 0.062500 0.670273 
506.221949 353.199346 504.504156 338.110296 4.150107 0.125000 1.494852 
400.476541 103.391058 394.935917 74.268285 3.450300 0.125000 17.465493 
527.894084 512.068796 562.068161 509.849757 6.949695 0.125000 63.311637 
48.078948 411.628438 31.925524 414.645504 2.916504 0.125000 2.841790 
479.314716 383.109140 476.611353 393.384501 3.371851 0.125000 0.067922 
398.240289 185.775308 400.377266 201.907816 2.896796 0.125000 2.685898 
448.387860 421.286418 431.780250 427.886585 2.531588 0.125000 1.218141 
834.744664 265.570583 838.813071 293.207720 2.215969 0.125000 15.443183 
154.400494 517.000493 133.261109 521.294988 2.698812 0.125000 7.778970 
658.064086 346.423024 638.089956 349.114977 1.685645 0.125000 3.046091 
760.551766 335.075193 736.888605 338.227136 2.145557 0.125000 1.423999 
385.902802 269.041596 376.848005 271.785930 2.863663 0.125000 0.336821 
671.108171 483.228385 665.037960 438.204145 3.145645 0.125000 44.201800 
759.139756 316.391777 776.109387 307.853383 10.632571 0.125000 4.771053 
111.905814 405.963105 91.844598 407.791414 1.466583 0.062500 1.782995 
503.117970 396.876153 505.779491 413.099655 2.042958 0.125000 2.661940 
0.556304 419.985848 14.414910 418.496321 2.752846 0.125000 6.202180 
510.588966 336.879154 528.040226 488.278854 4.359610 0.125000 182.768926 
410.380508 200.650933 403.479352 135.587415 3.465391 0.125000 98.650254 
131.967314 383.915217 143.209911 382.601847 4.014750 0.125000 0.411361 
803.649364 475.549828 797.202282 430.578081 3.197265 0.125000 46.731507 
149.463459 381.781586 160.648033 380.926157 3.159997 0.062500 0.073379 
261.782142 533.238095 258.297343 491.860485 2.897548 0.125000 35.700625 
385.057760 251.908054 382.875760 214.462362 6.239416 0.125000 62.138353 
672.409214 278.220741 676.745798 310.642282 3.306530 0.125000 19.850942 
723.357530 280.590584 727.058720 305.597809 1.968580 0.125000 14.786261 
386.787653 429.385358 385.454778 418.145185 1.977280 0.062500 0.691983 
522.335261 409.468145 512.147863 323.092818 2.915781 0.125000 88.268861 
601.831497 352.779807 575.681758 356.075368 2.011489 0.125000 2.224145 
375.927028 134.523199 371.831724 108.327182 3.628426 0.125000 8.081878 
441.449424 108.032695 449.144404 176.760865 3.208454 0.125000 88.020354 
449.247194 579.207470 474.380985 576.941383 2.612391 0.125000 15.339258 
716.396626 281.767947 719.870354 306.806276 2.204160 0.125000 11.967620 
275.623775 368.106655 285.662484 367.436444 2.994055 0.125000 0.015897 
329.156481 528.249069 325.555834 485.630844 3.105291 0.125000 38.314625 
839.288347 328.624181 886.875814 323.132049 3.630879 0.125000 26.966115 
403.121292 131.875368 401.131154 111.824761 4.605162 0.125000 10.953450 
378.114632 377.940028 360.599597 378.921821 2.150914 0.062500 0.100210 
564.412880 504.930675 525.587667 507.577351 2.097245 0.125000 23.996125 
605.862088 500.594954 600.326275 456.912857 2.968786 0.125000 33.622685 
177.252779 363.340962 175.627648 337.964727 7.564555 0.125000 45.233042 
689.389347 323.263274 699.411151 322.223409 3.002681 0.062500 0.670273 
511.844074 416.878568 520.213572 489.422467 1.862856 0.125000 39.214688 
487.291766 399.327381 481.306083 346.940003 1.420194 0.125000 16.164553 
382.818564 351.906804 390.214545 423.167600 2.064660 0.125000 37.989004 
377.895641 358.040011 379.463414 376.867638 2.075515 0.125000 7.561541 
388.060672 253.882825 418.038690 249.964642 4.098911 0.125000 26.643256 
810.665029 309.838192 820.698123 308.971134 3.136458 0.125000 5.755361 
220.710296 374.088024 233.222851 372.979780 3.845659 0.031250 0.495382 
548.093678 361.655574 568.218901 358.782835 2.474913 0.125000 2.841790 
448.921540 176.940537 451.652711 195.837786 4.397715 0.125000 4.523764 
496.133802 308.221677 492.544143 280.700763 3.071811 0.125000 3.727857 
358.180193 379.918944 339.370185 381.827550 1.892798 0.125000 2.506677 
201.960251 376.347388 214.434044 374.875319 4.017156 0.031250 6.891108 
694.041169 379.308078 694.622263 398.117361 5.267809 0.125000 24.198448 
239.399061 372.145641 249.430901 371.253788 3.265017 0.125000 3.545846 
509.122448 446.888187 509.838436 460.600802 3.679720 0.125000 0.342751 
293.199839 366.358265 304.460121 365.209016 3.603702 0.062500 3.864507 
256.960500 370.219619 268.221640 369.079660 3.605039 0.125000 0.221914 
791.000617 384.483348 788.979658 368.173988 2.491802 0.125000 1.732833 
398.443154 230.603382 399.378884 244.374736 2.833205 0.125000 0.898940 
401.018161 511.836629 392.850787 428.151762 2.880506 0.125000 86.559938 
497.819918 345.536256 500.772901 376.978507 2.255281 0.125000 21.818546 
504.971143 394.446219 502.639739 373.041704 1.968390 0.125000 4.213073 
503.599963 356.974504 507.292009 385.731944 2.684108 0.062500 0.496253 
571.175274 319.630035 567.994733 295.315025 5.606270 0.125000 21.802808 
713.780674 303.794201 709.330202 279.613306 9.088153 0.125000 48.698827 
579.132857 296.908263 582.404426 320.723985 2.429176 0.125000 14.761219 
438.907628 116.922918 437.359736 101.825302 2.869429 0.125000 1.861525 
465.565069 384.016542 477.119069 382.084825 3.286409 0.125000 2.521984 
367.774063 214.681833 382.992632 209.019251 2.615446 0.125000 0.898940 
571.806971 499.485336 557.935332 490.932622 2.101980 0.125000 3.545846 
683.153505 380.621445 685.494057 399.391328 2.171440 0.125000 7.976345 
443.710158 158.200267 439.159946 118.007833 2.718422 0.125000 25.842967 
689.372041 534.320697 604.352035 538.953550 3.132326 0.125000 76.039136 
417.476402 248.063477 414.033675 214.409917 3.094481 0.125000 39.156329 
730.556731 280.634683 733.758997 303.212370 1.957494 0.125000 10.641625 
314.406074 359.647850 338.133045 356.945642 2.594353 0.125000 11.055637 
586.267897 306.882428 586.961177 246.875996 3.836395 0.125000 58.932244 
796.836259 429.386176 793.552120 418.001785 2.191454 0.125000 1.239911 
478.494397 370.582802 475.784056 346.856830 1.250000 0.125000 1.778920 
511.136045 491.819208 508.139694 464.373396 1.535609 0.125000 9.367721 
386.101590 443.066907 387.939806 458.147574 2.027895 0.125000 2.661940 
572.869651 296.905301 575.829784 321.850699 2.187988 0.125000 15.689351 
501.030518 378.072797 502.495894 389.455986 2.150114 0.062500 4.225482 
509.312978 523.440135 519.351722 522.774128 5.154528 0.062500 3.057366 
620.801032 554.231986 558.097651 564.203012 2.525624 0.125000 66.713458 
796.026036 351.992099 799.841686 379.655458 5.380090 0.125000 23.408709 
195.321669 544.396602 194.246193 529.295152 3.918118 0.125000 3.709123 
894.716912 355.569877 897.726553 374.237712 3.105324 0.125000 12.835141 
128.225580 531.913913 127.633811 514.433946 4.086200 0.125000 6.642839 
320.209093 324.312939 322.449604 354.425253 2.255662 0.125000 17.063908 
487.056618 531.643210 489.913413 549.287827 3.431541 0.125000 13.618626 
684.771983 376.831484 683.403200 364.344505 2.485114 0.125000 1.778920 
706.908938 489.619924 737.023551 485.447054 2.401960 0.125000 18.931757 
316.764524 348.321070 315.478766 323.005454 7.300131 0.125000 31.265023 
462.021452 253.131628 411.829108 258.981227 3.290689 0.125000 41.857109 
664.465846 545.449264 644.502901 547.137443 3.228426 0.125000 2.994179 
14.436620 416.300617 0.573922 417.564967 1.808455 0.062500 2.118184 
327.178887 320.597947 329.627425 348.102528 2.157631 0.125000 15.641534 
498.125974 249.384737 463.101237 252.887383 2.736363 0.125000 16.867651 
731.875842 498.134447 753.068845 496.245106 1.935142 0.125000 4.257617 
394.243019 263.165763 495.514498 252.112558 2.800483 0.125000 78.661211 
620.589533 380.223281 637.042367 378.770700 3.661444 0.125000 10.210298 
737.076004 474.493204 734.386317 450.623725 3.306512 0.125000 11.263352 
600.768003 408.110023 598.798483 389.304466 2.427589 0.125000 5.926574 
694.079989 354.310138 691.023372 368.212587 4.199355 0.125000 1.194605 
587.061649 393.110004 585.756406 376.864442 2.992510 0.125000 12.420773 
598.305577 386.854646 596.898609 374.372339 2.204249 0.062500 0.213092 
181.891888 409.522003 210.692589 406.213342 3.096454 0.125000 19.005230 
593.714657 330.682682 588.692100 273.184653 2.756794 0.125000 32.322212 
583.129016 365.661534 610.436470 362.659864 3.031348 0.125000 22.158451 
786.423371 368.184931 788.422689 383.251372 2.478275 0.125000 3.389084 
381.857829 205.496873 408.302941 201.952738 2.963229 0.125000 1.265312 
864.255766 323.376544 841.924947 326.043251 2.630582 0.125000 0.901537 
306.844734 503.040165 297.895887 506.232804 2.857424 0.031250 3.262454 
716.897995 320.595325 725.996406 327.645706 3.062617 0.062500 0.608865 
483.097176 214.357283 482.802124 235.637854 6.440023 0.125000 16.739629 
743.152867 391.871727 741.542960 378.163997 3.141184 0.125000 5.068999 
751.815834 493.653746 738.055888 494.782504 2.900418 0.125000 0.898940 
854.200105 358.130756 854.778115 375.694009 4.997294 0.125000 7.472143 
127.132623 516.995997 125.444075 503.147059 2.179047 0.125000 0.015897 
293.319410 579.302600 229.452812 589.846329 3.054096 0.125000 47.177046 
184.268872 546.656962 201.857680 545.385424 2.313232 0.125000 3.358919 
455.624068 554.366325 475.661448 552.214372 2.660730 0.125000 13.310953 
687.827362 399.410242 685.457438 379.394840 2.335678 0.125000 8.618316 
305.492996 577.353753 405.556911 560.227185 3.006942 0.125000 79.464614 
376.309714 114.430826 381.113864 163.076721 2.042866 0.125000 23.139598 
571.984872 363.114087 546.959956 365.333093 3.514531 0.125000 5.990829 
728.226128 339.120835 713.127952 340.654068 2.001339 0.125000 0.015897 
113.065509 553.694253 143.163364 551.063994 2.865177 0.125000 15.723873 
634.606354 380.614388 634.384737 401.888123 5.064834 0.125000 9.664469 
672.651843 309.256349 668.835014 284.266556 4.273203 0.125000 13.308329 
821.168603 424.393927 821.570228 439.383166 5.031687 0.125000 5.551384 
603.210814 539.217064 503.141150 547.080519 2.305905 0.125000 73.223851 
478.045715 550.744095 476.581513 534.401294 3.288861 0.125000 8.524447 
578.097407 546.447173 593.195841 545.473401 2.575268 0.125000 2.506677 
648.268166 548.834048 621.833906 554.171477 2.226590 0.125000 16.522430 
795.006648 430.550335 797.389878 450.711896 1.828304 0.125000 3.389084 
839.396776 382.227286 869.359560 380.375218 5.081322 0.125000 33.229403 
334.338529 394.094970 362.020182 390.489735 2.640499 0.125000 11.488428 
848.070597 354.016018 858.216449 352.478435 2.659073 0.125000 0.015897 
39.354951 519.107289 60.672615 517.510790 2.399666 0.125000 10.235634 
385.520878 416.884780 383.869625 399.305058 1.320072 0.031250 2.555632 
640.821721 553.799838 680.711479 542.171662 4.353045 0.125000 37.176294 
739.387576 366.978874 754.469182 365.152893 3.082854 0.125000 9.493509 
103.047853 417.234602 125.595196 415.281015 2.706469 0.125000 13.703607 
241.718078 540.997416 261.884956 539.509990 5.078401 0.125000 5.744720 
403.150489 260.131916 390.622602 260.553794 2.624794 0.062500 0.073379 
689.923915 434.457655 690.930487 458.217967 5.101333 0.125000 15.964989 
770.747910 344.448424 799.482248 341.779786 2.924777 0.125000 14.265330 
339.438122 437.999668 335.998149 401.958692 3.320065 0.125000 34.851400 
587.813099 280.632065 588.889075 328.136006 2.471053 0.125000 16.141499 
348.067276 499.254007 338.996459 503.581554 2.898018 0.062500 1.782995 
504.438998 522.358817 490.600441 524.189334 2.806247 0.125000 4.257617 
263.154376 498.321520 288.339036 494.556838 2.969589 0.125000 7.581736 
411.182573 332.811700 419.499144 314.431171 2.710766 0.125000 1.117505 
479.163985 396.025710 456.802136 401.581737 3.631877 0.125000 8.614568 
606.822773 384.467256 608.245077 404.543605 4.899165 0.125000 12.484815 
803.960821 383.153491 802.836478 366.808860 4.170081 0.062500 4.082226 
63.912868 524.433747 61.820372 507.973044 1.860571 0.125000 1.778920 
465.696224 208.967260 455.144782 207.124137 3.460327 0.125000 0.808568 
494.513875 424.980715 465.752961 418.781345 3.402422 0.125000 14.551793 
374.319343 436.986947 384.368052 437.201073 2.552409 0.062500 5.454331 
594.341774 544.808697 668.122175 541.805584 3.718023 0.125000 57.970333 
466.174260 281.483516 486.330477 309.763108 3.919950 0.125000 25.907436 
672.072610 548.877537 645.980571 555.729084 3.235654 0.125000 10.942432 
386.746709 587.152983 424.265981 584.986765 7.798800 0.125000 69.748214 
676.489356 400.675032 671.961701 365.775921 3.169471 0.125000 41.808643 
638.344715 362.515864 623.076766 357.008723 4.799923 0.125000 2.025330 
401.453479 423.169684 393.756172 350.558092 2.560735 0.125000 66.272768 
493.093198 270.216608 471.874526 271.868916 3.156416 0.125000 15.339258 
430.214160 89.676619 420.152703 75.971738 2.550971 0.125000 1.732833 
174.444771 390.144685 159.342250 391.513719 2.489791 0.062500 2.230661 
556.869625 564.338549 543.051446 566.376195 1.966046 0.062500 0.965006 
531.579727 488.159971 522.518270 411.650768 3.314797 0.125000 58.201636 
881.940497 331.473441 898.190155 330.219010 2.015975 0.125000 1.778920 
243.113596 422.937650 266.927536 421.488065 3.591175 0.125000 6.427247 
615.701242 409.939131 638.295361 406.885533 5.323542 0.125000 11.031052 
515.114682 478.016829 512.019818 456.853822 2.723783 0.125000 2.679066 
596.485308 390.527047 598.203321 405.616082 2.090432 0.125000 3.949181 
606.382573 366.837185 605.031914 384.425447 5.559580 0.125000 2.990716 
325.012397 505.582920 326.332448 525.578296 1.835826 0.125000 5.316029 
670.528728 355.961660 696.750904 353.197683 2.812118 0.125000 13.704777 
445.573930 528.977173 404.361229 534.267729 3.593764 0.125000 23.408709 
700.445528 393.508664 696.667094 379.430801 4.593897 0.125000 0.652256 
431.903145 195.854014 449.294095 193.716691 2.023903 0.062500 3.614138 
488.372057 522.907805 491.586900 508.062610 3.665044 0.062500 2.270698 
680.586223 495.303770 638.101734 500.432268 2.182370 0.125000 20.654934 
471.021823 243.233518 468.771678 225.542747 2.659496 0.125000 8.618316 
487.754267 335.760135 482.743704 322.013985 2.667077 0.062500 0.676901 
65.234149 554.387961 64.363286 528.125388 2.581481 0.125000 17.063908 
546.868027 568.075640 590.800790 561.869383 2.489197 0.125000 27.492362 
485.550221 527.451109 509.285377 524.817330 2.898330 0.125000 9.697712 
779.243762 388.143229 774.573564 354.521047 3.164133 0.125000 35.146061 
465.615387 266.781028 446.933020 268.692174 4.083592 0.125000 9.248346 
90.647495 408.349130 71.836075 410.237177 1.863344 0.125000 4.257617 
645.718856 556.270591 544.428956 570.996140 2.588285 0.125000 53.430543 
770.442189 403.619772 790.478046 411.022727 4.205135 0.125000 9.916576 
846.029090 379.308307 843.786753 365.722087 3.089288 0.125000 5.998552 
487.251414 426.422440 498.941792 436.145843 5.455397 0.125000 0.227106 
754.220532 403.727878 769.368099 402.984398 4.871430 0.125000 7.328728 
290.548068 536.015679 316.700364 533.674348 3.493205 0.125000 16.696094 
284.444586 395.085375 234.434674 399.984183 4.707038 0.125000 40.175033 
716.862969 430.563146 715.756864 453.131463 4.112649 0.125000 6.933725 
369.402004 527.259732 404.405032 524.802872 4.178407 0.125000 19.555516 
190.125403 516.823092 191.858401 541.876148 3.568540 0.125000 7.774980 
601.606165 411.093224 615.444678 409.262177 4.865354 0.125000 5.519792 
700.650066 499.510817 689.324437 501.601031 2.458481 0.125000 0.015897 
263.142695 539.536146 289.486824 536.643362 2.334046 0.125000 7.909087 
492.730726 371.791554 496.026178 405.585879 3.794129 0.125000 15.387424 
733.053945 396.360561 758.094192 392.901949 5.555010 0.125000 21.332220 
301.821523 590.380039 329.410458 590.800968 10.113252 0.125000 50.324306 
751.730359 375.606672 751.582108 386.887578 5.081697 0.125000 4.835864 
781.916100 339.747029 741.989113 344.157933 4.572234 0.125000 40.852894 
820.644303 484.534452 775.697716 489.975664 3.010801 0.125000 40.792444 
662.080652 380.618930 662.635725 399.426332 3.858995 0.125000 8.894715 
410.718153 272.050440 395.781940 273.026525 4.663302 0.125000 8.664918 
624.300188 405.632141 622.988203 391.888058 2.782769 0.062500 0.676901 
889.726252 375.571110 884.581053 342.035166 4.092542 0.125000 24.831929 
14.335935 474.046035 59.588420 468.672178 4.608266 0.125000 40.073785 
410.905882 515.596797 402.120601 428.100340 2.872267 0.125000 80.947259 
456.355568 401.044999 430.781518 412.232782 3.435633 0.125000 14.871251 
99.364713 483.037886 104.202734 551.887105 3.936247 0.125000 49.218662 
383.182204 414.370884 384.626584 434.446832 2.592283 0.125000 5.299257 
630.836689 446.853443 632.500116 463.188632 2.360504 0.125000 3.358919 
806.204960 328.233359 804.565258 318.094231 2.268378 0.125000 0.336821 
544.363488 518.880755 535.589134 519.085121 2.470216 0.062500 0.691983 
274.371470 420.587802 291.950406 418.919611 2.843091 0.125000 9.493509 
653.111977 401.634000 648.751478 379.252943 2.963663 0.125000 4.232990 
571.876936 517.010595 545.596602 517.385770 5.142235 0.125000 11.971406 
682.985496 544.038366 672.682782 548.307891 2.392729 0.125000 1.239911 
128.233160 411.813737 101.860290 414.213332 2.829514 0.125000 12.158940 
723.225638 304.517747 720.110921 279.438847 4.661726 0.125000 17.887662 
898.157734 482.172413 704.415810 503.495798 2.317203 0.125000 177.224338 
181.505709 340.564341 182.974196 361.885387 2.064640 0.125000 12.076991 
228.147557 400.815400 183.332292 406.124724 3.317563 0.125000 57.906326 
402.189220 244.433000 400.631278 219.297135 3.985163 0.125000 5.404537 
649.368752 406.826932 674.592508 403.548454 3.235376 0.125000 11.851876 
772.960529 440.589884 769.478752 456.897152 4.189351 0.125000 4.509456 
398.094170 196.712639 384.364495 199.319679 2.456114 0.125000 1.778920 
434.222708 418.056680 471.798860 413.715894 4.159924 0.125000 33.662458 
571.731183 471.885872 570.408692 454.391352 2.094463 0.125000 4.430565 
649.296058 377.477523 665.608379 375.488673 2.935474 0.125000 5.174840 
663.780024 446.956117 668.533187 481.819349 2.082840 0.125000 5.272570 
835.457180 292.134513 830.786478 266.616648 4.709714 0.125000 22.006912 
174.368948 374.309749 191.949590 372.679273 3.412781 0.062500 1.856786 
329.179534 590.999791 386.703778 587.668424 8.248807 0.125000 161.926706 
58.212676 515.400149 38.145644 517.116379 1.851803 0.125000 4.852271 
180.603921 406.621370 129.395965 410.877262 4.875951 0.125000 49.296521 
567.851707 454.398678 569.365902 471.875788 2.000595 0.125000 2.661940 
282.893723 505.662072 286.503858 528.184491 3.014787 0.125000 10.516133 
623.080547 357.745271 580.722050 362.704022 4.796230 0.125000 39.244085 
649.391294 537.766754 674.396419 538.904072 1.532687 0.125000 7.561541 
166.855753 549.239315 183.132862 546.930424 4.072674 0.062500 3.788053 
356.888062 401.873785 359.812571 433.316826 4.978512 0.125000 30.480331 
435.572368 276.221255 418.085079 277.629142 4.139153 0.125000 2.428840 
488.725171 240.752366 486.372470 205.658690 5.650711 0.125000 49.565165 
648.147464 557.175059 665.736046 555.858302 3.552897 0.125000 3.709123 
3.681259 436.836739 6.094959 471.928653 3.008758 0.125000 23.524247 
768.019444 482.368435 820.885560 474.992542 3.224762 0.125000 27.853552 
810.737710 479.001561 771.827388 484.004710 2.125234 0.125000 10.163822 
885.855254 387.109743 898.227426 388.367323 3.498432 0.125000 0.221914 
65.655432 411.011898 49.407634 412.289890 1.344169 0.062500 1.841971 
301.850937 376.575571 285.605400 377.881103 2.592097 0.125000 2.569380 
578.606704 318.406497 576.677844 304.576839 3.743380 0.062500 3.482853 
648.398259 386.838729 650.582796 403.296522 2.478263 0.125000 2.569380 
889.300133 512.640397 814.350966 524.219432 2.259099 0.125000 44.949860 
99.682099 551.954568 93.676760 480.789404 4.083512 0.125000 86.245152 
391.476579 358.032259 407.556913 505.686868 4.121249 0.125000 163.858603 
605.458515 331.908298 590.457908 256.908420 2.696964 0.125000 67.974064 
685.590376 351.426219 651.944209 354.022060 3.831347 0.125000 33.390585 
833.216173 395.398719 851.947187 402.945840 3.253162 0.125000 13.600344 
288.384158 423.105675 289.603013 439.451208 3.739618 0.125000 4.491389 
641.914865 512.243766 898.143338 484.544635 2.653061 0.125000 213.495622 
569.357123 331.663881 584.460521 330.384962 2.194768 0.125000 5.755361 
601.847202 495.571072 582.960779 505.306413 3.436340 0.125000 7.328728 
751.934808 531.644668 690.602541 535.242103 3.300831 0.125000 41.771459 
588.738847 404.451885 587.380755 393.214949 5.113861 0.062500 2.892227 
456.818903 533.100370 456.605944 544.393498 2.688096 0.125000 0.792594 
476.819941 243.846113 489.443392 242.531964 4.506425 0.125000 2.155231 
491.826045 550.025910 555.660520 544.809685 2.389891 0.125000 23.698415 
730.277425 302.108642 726.798248 278.319035 4.404715 0.125000 17.135786 
833.130879 303.184516 846.870291 301.827324 1.981214 0.062500 4.250211 
447.258104 598.100416 446.836850 634.374557 3.677170 0.125000 33.098792 
172.526717 435.575050 173.786816 452.015887 3.643508 0.125000 5.048041 
468.238475 523.002770 446.952430 525.144544 3.113147 0.125000 21.337154 
593.489276 352.008688 591.192123 336.789400 2.355349 0.125000 0.067922 
594.285547 561.319280 638.107355 554.265382 3.148583 0.125000 40.833242 
92.425510 482.775127 72.659485 494.863846 3.313518 0.125000 2.748840 
36.903639 488.286248 21.716677 490.983588 3.117248 0.125000 0.081028 
490.254198 344.129242 492.598043 364.435823 4.345527 0.125000 16.696094 
731.831777 345.271232 688.273828 350.593109 4.811497 0.125000 41.529293 
885.712930 327.616497 848.002077 332.088415 4.965211 0.125000 35.387320 
634.983941 464.315483 633.289689 446.981078 2.366549 0.125000 9.367721 
676.755080 436.104535 690.749723 433.926321 2.773073 0.125000 3.389084 
759.205427 392.731293 785.434187 390.025407 5.486704 0.125000 14.047451 
579.082777 448.119633 579.004441 470.628061 5.056524 0.125000 11.838303 
688.108504 498.005401 709.300166 495.082447 3.074364 0.125000 12.750733 
615.487040 507.011831 679.493265 499.079254 3.774401 0.125000 44.765451 
644.724264 411.635824 618.986762 415.611892 4.830564 0.125000 19.949828 
735.581458 300.630003 733.155493 279.515113 2.869421 0.125000 8.609833 
803.004280 489.855390 820.658134 487.086233 2.590832 0.125000 6.785686 
835.652710 333.363754 808.231923 336.546260 3.148556 0.125000 31.172512 
63.642906 448.079784 64.961486 463.182928 3.034115 0.125000 8.618316 
425.488001 581.783137 444.423485 579.849895 3.121873 0.125000 12.835141 
553.297629 375.604775 557.988267 415.641020 3.142706 0.125000 39.104662 
76.267664 481.544437 92.938155 475.138746 3.856958 0.125000 6.301697 
395.027628 294.868066 408.684102 311.413522 3.519469 0.125000 23.307380 
28.700576 202.967595 17.760891 196.214872 4.504182 0.125000 0.901537 
378.346911 385.185523 358.043914 387.372088 5.143292 0.125000 14.065751 
390.756228 429.361773 393.400534 455.597229 1.504249 0.125000 4.257617 
535.599258 557.911093 558.074613 555.206313 2.286514 0.125000 9.371288 
661.957847 481.628289 663.871759 491.968150 2.777320 0.125000 1.239911 
325.665416 345.682883 324.525786 321.867784 4.104203 0.125000 7.978604 
696.892996 410.493589 710.725940 412.387901 3.324857 0.125000 8.618316 
186.476423 454.310970 183.945547 420.657296 3.242878 0.125000 42.235156 
277.716196 443.143142 277.162554 430.667712 3.176731 0.125000 1.778920 
93.342250 463.222789 91.303570 441.692387 4.204635 0.125000 2.291917 
500.215648 385.489779 502.207126 397.870510 4.694981 0.125000 6.271593 
647.818444 469.410222 644.792841 443.076991 2.340978 0.125000 9.555471 
673.221847 553.043226 693.188253 551.387995 2.911006 0.125000 12.835141 
741.949354 316.321081 715.599442 319.135736 3.596020 0.125000 5.102622 
772.013555 486.857791 811.792057 482.387020 3.418685 0.125000 23.286540 
819.237398 395.833460 833.162367 394.997294 3.743257 0.125000 11.246448 
659.159069 493.002447 651.475684 428.172325 4.358461 0.125000 59.274237 
849.732204 405.349881 830.569556 400.861726 4.144447 0.125000 6.129557 
144.268180 550.801113 165.679344 548.671335 3.484130 0.125000 4.335983 
159.392156 459.495998 184.420702 455.947334 5.476915 0.125000 31.032279 
651.344344 410.490874 653.230261 420.605373 2.686766 0.125000 0.015897 
686.820329 402.883071 696.603220 400.672329 2.175439 0.062500 1.841971 
715.576244 397.713000 730.636623 397.271196 5.071157 0.125000 2.025330 
883.087662 321.483696 866.866082 323.031542 1.719286 0.125000 0.336821 
81.860077 556.716016 111.946984 553.891878 2.682217 0.125000 30.277518 
308.443483 405.455603 312.251991 440.719286 3.459878 0.125000 46.496474 
62.252030 496.063813 75.523929 481.781082 3.403545 0.125000 6.065608 
412.329009 213.210328 402.961850 216.395144 4.132529 0.125000 0.898940 
162.427526 454.456426 160.971042 441.980532 2.773027 0.125000 3.545846 
750.744889 486.541158 690.468485 494.428951 2.641058 0.125000 30.480331 
188.156954 388.426990 178.006075 389.501074 2.223060 0.062500 4.250211 
419.256287 205.883092 466.822969 200.190257 2.280933 0.125000 24.901164 
685.681370 492.283121 698.286205 490.542130 4.268869 0.125000 1.117505 
96.816735 466.289282 125.654408 463.420624 2.487722 0.125000 17.866546 
614.782528 500.753366 658.073235 494.041143 5.515533 0.125000 38.075830 
703.149038 503.312216 684.387348 505.721168 1.432709 0.062500 1.342894 
270.553468 448.983048 288.372479 445.731025 4.137911 0.125000 7.581736 
466.822477 244.581937 475.651129 244.900210 3.167599 0.125000 1.239911 
734.171793 495.338752 705.753672 499.097761 2.970160 0.125000 17.962705 
840.662150 289.553135 837.348100 266.989106 2.438697 0.125000 6.123555 
92.448400 439.457188 91.065352 428.071509 1.869705 0.062500 1.868194 
124.569022 515.608386 126.278231 535.569065 1.957656 0.125000 3.358919 
355.865385 459.357923 358.534903 496.934682 4.455957 0.125000 39.204753 
624.392088 418.365686 643.224653 417.028648 4.094674 0.125000 11.661269 
14.954654 205.280015 9.331293 212.050483 4.954893 0.125000 1.861525 
94.905703 475.085957 119.246980 482.306566 4.478311 0.125000 23.055249 
649.024858 438.146526 650.790388 466.864832 3.282721 0.125000 11.990646 
656.116011 434.314494 661.387047 477.089164 3.721848 0.125000 39.435004 
694.482663 280.968356 698.687389 294.957394 4.428562 0.125000 0.751741 
714.427880 316.131464 741.889531 313.264169 1.837444 0.125000 14.786261 
186.248799 482.731718 164.357316 474.421586 3.625064 0.125000 10.163822 
252.304605 448.090153 251.188420 434.329299 3.098172 0.125000 4.213073 
263.325647 425.622769 263.520404 443.134504 3.763669 0.125000 12.791475 
797.197392 392.822048 773.050218 396.365372 4.039624 0.125000 5.769512 
869.318010 445.632733 872.028130 465.604220 3.211691 0.125000 15.339258 
25.810949 426.026843 10.714427 422.717103 4.466072 0.125000 5.519792 
45.001382 215.664265 27.149423 206.428438 8.307380 0.125000 24.885786 
74.028610 349.386505 74.899502 375.607579 2.872067 0.125000 8.357559 
218.009633 393.754419 208.069224 393.387963 5.318957 0.125000 0.627476 
313.243338 528.134983 296.786305 529.680630 5.445635 0.125000 1.609654 
420.343706 314.146027 428.228640 304.459363 5.816586 0.125000 2.849731 
863.967063 399.475161 875.412796 391.567838 5.534761 0.125000 8.894715 
60.557321 468.133390 73.155336 468.810939 3.945980 0.125000 2.224145 
159.316979 475.532140 135.494853 490.416706 3.844129 0.125000 15.318965 
203.025927 544.496414 229.401862 542.180991 4.215665 0.125000 10.386092 
284.406414 532.061728 270.625855 534.380084 2.851199 0.125000 1.656441 
52.782185 296.744500 38.368250 292.330642 5.512869 0.125000 1.251081 
118.057004 396.080626 106.782613 397.045675 2.384286 0.125000 0.336821 
798.871807 409.856654 810.141055 400.067863 5.614065 0.125000 14.265330 
554.389224 553.241024 533.151923 555.844610 2.177212 0.125000 7.976345 
2.752431 466.891480 2.308533 456.855824 1.690668 0.125000 0.336821 
384.257958 209.777845 414.373904 205.617070 2.305403 0.125000 14.475265 
429.246412 77.486215 437.897480 75.744749 4.145029 0.062500 0.608865 
357.948850 447.559173 379.386916 453.078716 3.356044 0.125000 10.675168 
499.321080 573.911375 526.884392 570.705756 1.627445 0.125000 2.028363 
159.276814 432.282517 175.740239 430.363806 3.061995 0.125000 9.371288 
583.173734 333.734249 571.895906 334.636363 2.890717 0.062500 0.608865 
680.556025 504.461280 665.460877 505.355987 5.795296 0.125000 10.163822 
135.690216 478.258101 156.283569 468.167930 3.322476 0.125000 15.465982 
184.122366 397.433468 171.861631 395.720704 5.297795 0.125000 0.330606 
575.246333 426.367154 595.786753 436.548675 3.963387 0.125000 12.223078 
622.102047 453.275648 620.761205 444.170857 2.837564 0.125000 2.143001 
837.936961 473.169151 853.151754 470.796565 2.164447 0.062500 2.264070 
868.114158 469.305234 898.165423 464.635112 1.535619 0.125000 12.076991 
187.019127 356.868046 186.354360 343.089810 1.489506 0.062500 0.637851 
445.254070 636.829280 440.759321 673.295628 4.010369 0.125000 41.047158 
810.793455 385.973322 839.227607 382.976511 5.755457 0.125000 32.803063 
250.032497 389.425108 248.764084 374.426665 3.631325 0.125000 1.117505 
723.751901 422.359619 700.400715 415.096039 3.899813 0.125000 9.718332 
332.191691 504.132248 335.335173 524.419907 3.044714 0.125000 11.055637 
454.298049 405.082743 475.650213 402.052668 3.177710 0.125000 0.652256 
288.109529 445.728771 299.381413 445.795746 3.809351 0.125000 0.411361 
316.146722 519.330729 311.591490 465.649058 3.185354 0.125000 53.620218 
391.986333 231.725909 393.518804 245.718769 2.893392 0.125000 5.998552 
881.822327 378.437686 896.915154 377.589541 4.164893 0.125000 1.194605 
123.041705 419.380261 125.641607 460.545003 4.123355 0.125000 43.476766 
290.477685 455.000187 308.173336 459.169866 4.153498 0.125000 17.858865 
39.483284 420.558724 29.226077 421.497024 4.189892 0.031250 2.662776 
338.081613 441.428959 354.420200 439.839685 3.214364 0.125000 0.342751 
586.660286 325.628278 586.392870 308.113276 2.671452 0.125000 2.685898 
6.349456 489.528529 24.477816 480.839511 3.474937 0.125000 8.448727 
68.192139 417.555214 40.468713 420.291595 4.591339 0.125000 17.301194 
220.043249 470.279393 201.554186 483.940818 2.798171 0.125000 13.618626 
258.864262 477.756753 268.807605 463.965903 4.904358 0.125000 12.057694 
555.529009 520.868019 578.180645 518.708737 2.074694 0.125000 9.752709 
560.571092 424.990945 574.433707 426.204223 4.389631 0.125000 1.661516 
621.917449 442.218889 641.921244 439.749633 2.634305 0.125000 9.371288 
228.100077 589.165115 208.085432 591.541787 1.598172 0.125000 3.949181 
267.658029 466.103515 284.895537 455.669851 4.530912 0.125000 15.453703 
550.215456 443.008697 553.001538 463.142085 2.647745 0.125000 17.495531 
534.249709 574.735407 641.902952 559.573467 3.225307 0.125000 78.471001 
752.156306 414.651903 739.755655 427.249698 3.521483 0.125000 3.193814 
60.100147 519.352990 59.051383 544.361429 4.218077 0.125000 12.553413 
608.975006 474.420154 610.957123 491.978616 2.504071 0.125000 3.408386 
90.695180 386.250472 68.197904 388.774746 2.902549 0.125000 3.965672 
105.102176 463.078765 102.959923 429.385496 3.526072 0.125000 28.436525 
711.604900 412.404415 724.622374 418.877530 3.902083 0.125000 13.881518 
813.023253 344.822367 828.097924 342.911409 2.480152 0.125000 2.521984 
868.107013 378.591960 880.644922 378.723306 6.354410 0.125000 3.398729 
243.358604 471.476988 225.682212 468.971382 3.897920 0.125000 1.380190 
338.143702 390.844606 323.114321 391.035867 2.627046 0.125000 7.561541 
713.049336 495.139871 733.335693 491.975886 3.240652 0.125000 4.232990 
756.010631 467.067640 753.238310 454.628331 2.983961 0.125000 3.389084 
425.614947 587.192026 441.876528 587.016799 2.621073 0.125000 10.270811 
666.070197 436.457140 673.020513 423.070750 2.617907 0.125000 0.808568 
784.502060 412.596775 762.993184 407.422998 2.969365 0.125000 9.555471 
147.359156 445.382495 148.974110 456.931061 6.709119 0.125000 0.560805 
636.738244 424.104822 614.294171 435.465311 3.400844 0.125000 6.880669 
876.060597 391.279752 885.692780 387.028574 4.574293 0.125000 3.513030 
208.231761 591.786884 68.151033 604.658321 2.079516 0.125000 59.072099 
332.270927 344.414544 332.011717 330.622431 3.725849 0.125000 3.834370 
80.996605 348.114576 81.698285 373.129957 3.024747 0.125000 9.697712 
156.906900 468.011008 184.356108 475.692510 4.334451 0.125000 31.735016 
325.002378 472.192711 330.483872 461.182424 3.923688 0.125000 1.218141 
406.748375 560.886006 446.890548 555.746435 2.162264 0.125000 13.652985 
148.036167 461.064956 159.287929 459.831032 3.863916 0.031250 0.156192 
290.779458 586.091839 300.879648 588.083835 3.071154 0.125000 0.015897 
354.373425 543.112492 454.362288 530.524029 2.872946 0.125000 69.269898 
594.694383 439.874073 575.665150 431.780601 3.477044 0.125000 5.272570 
758.313766 398.955517 745.887484 401.779854 5.374170 0.125000 11.209852 
772.107721 396.645723 758.766243 399.687523 5.879089 0.125000 6.129557 
806.754051 419.756445 821.980978 417.636044 2.820914 0.125000 5.926574 
304.718289 418.161280 304.214931 405.581389 4.046859 0.125000 8.508130 
520.565970 523.664868 554.393945 520.852908 2.698506 0.125000 30.335566 
735.655267 400.844405 698.178702 406.014285 4.184071 0.125000 30.229014 
844.685710 335.612853 835.855408 333.439050 3.361057 0.062500 1.342894 
91.364299 406.744464 88.972112 393.196137 3.113959 0.062500 1.262709 
93.664238 518.078181 95.298730 536.903328 2.382505 0.125000 3.513030 
330.805321 460.901209 346.776692 450.474416 4.230180 0.125000 20.408862 
557.986886 415.067949 589.245363 412.678851 5.080720 0.125000 39.263037 
707.897443 457.993392 704.670789 432.926027 3.719315 0.125000 19.142249 
73.170163 466.835649 91.867979 466.492465 5.067975 0.125000 10.682781 
134.296181 435.080124 150.744455 432.700786 3.190075 0.125000 14.201506 
183.318553 476.666693 191.083443 483.881611 2.812012 0.062500 1.782995 
381.995105 460.241243 364.274759 454.695290 3.433073 0.125000 7.255616 
49.468410 443.123153 66.963969 441.813813 3.086533 0.125000 9.371288 
204.452183 410.619793 207.149692 450.606469 4.988661 0.125000 48.177391 
228.301832 451.554220 269.382768 448.220724 5.319639 0.125000 47.720302 
347.717705 419.416125 349.104658 433.152297 1.985052 0.125000 2.143001 
642.177780 446.854960 642.371544 461.868592 3.878736 0.125000 7.778970 
514.350299 505.150280 540.594287 503.784742 2.691481 0.125000 7.651644 
200.958779 471.299905 217.446267 463.022976 3.903221 0.125000 15.319253 
276.938774 452.493667 229.428207 457.391165 3.089365 0.125000 43.460281 
558.142245 449.528870 579.405349 447.145794 2.902114 0.125000 14.572969 
623.040897 466.883881 621.707968 454.260646 5.559136 0.125000 4.039751 
198.247251 505.512102 200.519728 533.133661 3.122412 0.125000 15.073763 
360.604712 439.177051 373.228335 437.883225 2.359524 0.125000 0.896872 
614.743006 436.258346 607.174083 447.084107 2.864997 0.125000 4.430565 
86.094581 371.928791 84.539251 349.363679 3.181714 0.125000 0.222331 
256.909619 534.934962 240.567522 535.945295 3.819987 0.125000 0.011751 
25.631809 445.680471 41.942913 443.678258 3.112878 0.125000 15.689351 
229.364416 551.758328 205.583324 553.915575 1.809524 0.125000 6.870770 
305.325606 404.741208 295.519927 396.724565 4.047547 0.125000 2.442553 
588.062745 517.717244 613.239261 513.873390 2.112839 0.125000 2.442553 
704.474067 432.612421 715.689579 431.105703 3.716612 0.125000 0.898940 
837.037099 389.878586 818.216819 391.618301 4.978774 0.125000 13.528512 
78.730381 371.896225 77.987620 349.338365 2.992283 0.125000 4.793769 
308.310302 449.907682 278.116806 453.046172 4.197789 0.125000 25.458538 
359.401995 316.921309 350.151929 322.313463 7.467224 0.125000 2.352835 
675.562166 403.776883 685.712775 402.710525 2.094523 0.062500 0.691983 
701.765863 399.389533 714.607339 398.255162 4.980605 0.125000 13.600344 
165.751142 464.136918 150.366919 466.054662 4.030447 0.125000 10.277310 
196.629270 395.520191 195.080681 380.681807 2.486495 0.125000 4.430565 
730.665414 423.161516 743.685217 408.751754 5.955594 0.125000 12.994696 
282.955830 466.628016 271.801683 474.267958 3.093847 0.125000 5.998552 
347.223665 450.625837 357.662573 447.716040 3.750738 0.125000 1.732833 
603.599271 431.386185 623.956007 418.702534 6.504266 0.125000 33.442523 
351.453804 433.170856 349.945067 419.312936 2.214733 0.125000 4.852271 
419.678730 572.970200 407.944573 576.224411 3.279559 0.125000 0.221914 
21.216537 491.666064 9.490750 498.328711 3.087653 0.125000 2.569380 
314.255041 443.388366 337.176107 440.601537 6.170398 0.125000 18.093788 
672.669645 420.882202 687.963544 412.818767 5.991180 0.125000 9.864015 
126.119106 488.639517 135.372498 479.129317 2.784460 0.125000 4.430565 
134.310884 462.713937 142.013433 461.512530 2.662773 0.062500 3.046091 
185.557941 457.522791 206.960138 455.139566 2.069630 0.125000 12.076991 
191.548473 482.860988 201.118933 471.024368 3.929619 0.125000 11.902474 
560.165936 474.432299 557.189486 450.585747 2.945209 0.125000 17.927625 
194.529199 461.013890 166.804196 463.622464 3.030958 0.125000 16.541811 
191.912187 376.086541 176.908870 377.295374 2.793090 0.125000 5.998552 
687.110349 423.243821 675.834268 433.358302 3.434476 0.125000 6.009197 
693.359489 406.196820 667.975569 409.464026 4.320798 0.125000 14.825596 
345.700800 445.074401 315.513483 448.346040 2.754813 0.125000 31.172512 
638.185931 419.201990 649.761138 423.278591 2.978729 0.062500 1.162240 
384.409956 440.901757 364.257799 443.447077 3.877078 0.125000 7.076732 
497.232235 539.051831 490.066251 531.130467 2.494690 0.125000 0.015897 
829.814640 401.577954 820.698239 405.783752 2.270066 0.062500 0.637851 
91.986099 571.600020 61.808189 575.038659 2.091061 0.125000 15.443183 
133.815481 523.066520 135.620227 544.375404 2.702062 0.125000 9.366538 
188.054926 552.468151 231.840017 547.797084 3.728841 0.125000 26.523428 
135.574061 495.125038 153.146361 493.334658 3.247337 0.125000 11.101099 
306.842281 440.720467 305.611983 424.189905 4.800658 0.125000 0.227106 
60.684602 574.842410 0.546693 582.510896 1.930735 0.125000 39.219380 
53.156799 474.792663 38.054005 475.942531 2.397890 0.125000 6.658451 
153.919979 495.686978 152.951342 508.111461 4.693401 0.125000 1.384039 
694.978471 455.694425 692.708375 434.553965 1.952452 0.125000 4.257617 
839.410941 522.123531 898.196923 513.622350 1.819445 0.125000 38.630877 
68.088896 606.471474 164.351189 597.858870 1.690598 0.125000 51.823158 
224.451236 462.276664 236.962529 463.400996 3.623068 0.125000 3.408386 
618.165106 414.722310 578.121692 419.346356 2.816115 0.125000 43.578191 
39.370581 411.875632 37.418090 398.226120 2.828817 0.125000 5.316029 
117.864725 459.392128 116.876509 444.374901 2.068096 0.125000 3.545846 
259.338868 594.249262 301.875279 595.616333 3.226078 0.125000 34.724616 
557.921634 614.535432 531.568849 581.130410 3.969124 0.125000 28.310153 
578.125640 421.414843 560.624639 421.429027 5.008103 0.125000 5.570209 
715.615159 270.416574 695.600757 271.361527 2.674073 0.125000 1.651537 
124.767308 500.941794 119.548037 486.811088 2.279963 0.125000 1.656441 
223.173657 458.792509 195.547099 460.806298 4.103579 0.125000 22.447116 
219.393093 538.629444 204.322812 539.169984 3.167396 0.125000 5.998552 
811.274709 401.032847 818.373105 395.973068 4.212408 0.125000 2.521984 
206.924872 593.550214 229.408797 590.913159 1.678319 0.125000 5.316029 
245.731704 517.370863 229.429632 520.878880 2.351250 0.125000 0.067922 
346.266251 480.695398 348.279809 498.107097 1.909057 0.125000 3.949181 
558.113328 547.581935 575.632101 547.205416 2.660578 0.125000 4.213073 
295.697485 483.016127 308.147252 482.225315 2.732694 0.125000 1.778920 
17.612883 302.313808 0.757535 309.678336 7.873572 0.125000 12.626266 
54.526032 493.926332 38.040229 488.376829 2.392744 0.125000 2.569380 
118.395897 487.275606 100.340453 481.517193 2.536182 0.125000 8.508130 
400.653805 522.151827 375.664233 524.752053 1.890123 0.125000 7.744048 
371.898979 522.180397 396.843345 520.221834 1.905257 0.125000 5.998552 
199.393515 558.339723 174.364045 560.497949 3.628751 0.125000 15.256511 
370.596851 512.814262 391.898514 510.884574 3.847481 0.125000 0.560805 
237.962448 463.372215 257.364907 476.129929 4.120532 0.125000 8.819711 
337.240693 500.670239 336.599635 488.139087 2.943776 0.125000 2.569380 
895.822236 382.878845 855.583447 386.400169 5.089936 0.125000 42.030805 
25.851288 479.897401 54.901476 488.932183 5.197063 0.125000 29.708992 
24.342078 581.596820 190.629959 561.916904 2.593133 0.125000 94.490801 
199.276388 451.882981 197.961637 435.638222 1.951789 0.125000 3.949181 
83.232859 471.702551 54.272540 474.601388 2.488774 0.125000 20.680193 
136.275335 458.137276 136.348108 446.871596 3.774145 0.125000 6.870770 
207.964600 454.100556 228.265938 451.964476 4.972550 0.125000 10.604354 
296.931485 508.001333 294.681156 484.227700 3.564221 0.125000 17.233290 
897.420663 434.318449 894.830681 409.327774 3.259825 0.125000 4.944464 
8.289307 211.693183 0.399168 212.906841 5.892075 0.125000 0.081028 
113.231832 567.543455 92.950759 570.784762 5.478442 0.125000 14.177195 
310.694966 465.179514 293.041456 462.406940 3.633375 0.125000 3.193814 
309.348709 536.665693 284.427882 539.795998 1.396042 0.125000 3.949181 
126.829826 145.258755 111.902741 147.099910 4.350317 0.125000 11.902474 
854.532883 386.901799 836.687474 389.108481 2.814593 0.125000 4.342733 
69.188820 518.121569 68.728233 543.113080 2.752942 0.125000 5.844005 
119.396210 468.341600 101.819938 470.062695 2.218604 0.125000 7.088968 
228.311994 587.950641 313.138728 573.203965 2.139011 0.125000 37.669984 
315.194312 466.766446 317.212134 481.995950 3.881695 0.125000 2.425689 
340.508950 568.765360 318.106876 573.029792 1.461701 0.125000 2.661940 
128.124133 566.855121 118.088696 567.293038 3.909918 0.062500 0.676901 
29.422603 478.502142 6.905305 479.160893 4.851648 0.125000 10.386092 
114.608950 444.361627 115.538851 460.629924 1.961303 0.125000 4.430565 
149.474267 465.332634 129.302297 467.423626 2.661043 0.125000 17.495531 
317.105885 483.107378 318.251331 498.115358 2.683003 0.125000 7.088968 
717.100063 543.574845 734.597871 534.820462 3.355782 0.125000 3.965672 
827.319846 443.238083 824.320492 421.882656 1.954136 0.125000 7.088968 
890.667753 393.190052 868.943072 407.467789 3.761065 0.125000 7.661398 
153.119948 507.912002 154.716607 517.244279 2.860492 0.062500 1.342894 
195.587548 435.628166 196.960245 451.867794 1.982547 0.125000 3.949181 
244.059710 591.319842 258.247414 593.619897 4.301773 0.125000 1.194605 
367.875361 318.336567 359.165942 316.848978 4.117379 0.125000 0.792594 
338.166180 359.669830 316.809051 362.652833 2.994702 0.125000 8.731227 
873.115388 248.613832 856.871669 248.294427 3.847573 0.125000 11.055637 
755.690411 528.698673 825.776910 520.707289 2.581507 0.125000 40.067240 
229.405175 555.967778 199.308291 558.617199 2.012478 0.125000 12.750733 
363.225094 444.387575 346.682674 445.699018 3.996491 0.125000 7.651644 
74.360503 218.886559 93.109529 219.021678 5.098960 0.125000 10.191732 
643.115936 545.425703 601.837614 547.302930 1.873377 0.125000 18.792215 
116.820542 558.739587 163.052350 554.777319 3.060433 0.125000 25.085442 
168.138929 597.041616 201.862236 594.222319 1.353791 0.125000 8.864271 
93.223594 470.981988 83.810669 473.581676 4.945757 0.125000 4.342733 
440.417144 569.605342 422.881397 573.179981 3.198650 0.125000 9.337531 
356.819780 541.445512 325.603661 545.459034 2.638992 0.125000 4.944464 
9.771566 500.167180 24.623092 513.031662 3.592952 0.125000 4.039751 
23.631456 518.851759 35.707173 530.540104 1.998029 0.125000 7.976345 
704.731816 547.907487 716.669992 543.781786 2.102732 0.125000 0.015897 
226.478796 199.845671 215.195929 187.484695 8.148001 0.125000 16.739629 
350.457074 498.142907 347.661160 471.924464 1.955715 0.125000 9.371288 
205.562596 452.466863 188.101062 454.122540 2.960813 0.125000 2.841790 
779.286338 492.265026 795.620465 490.581010 1.756181 0.125000 1.239911 
83.516390 475.106285 71.199490 481.698395 2.281769 0.125000 1.778920 
273.107674 551.518780 251.847171 552.552831 2.800672 0.125000 0.445552 
55.633631 570.692959 26.871281 574.345718 2.617742 0.125000 29.235701 
53.714763 211.506729 43.392938 215.717919 6.472083 0.125000 2.849731 
97.329916 450.390142 98.967171 462.275563 7.044434 0.125000 6.729780 
238.069281 549.044201 249.213648 547.167067 2.447910 0.031250 0.682329 
770.593120 529.077937 753.027135 530.963080 1.685438 0.125000 0.336821 
0.594763 587.769722 76.824524 581.281923 2.252459 0.125000 38.045549 
29.152362 574.439118 0.474453 579.823109 2.918365 0.125000 15.723873 
826.787121 520.028879 898.144830 509.509518 1.847416 0.125000 26.692392 
438.776538 653.242774 443.787971 625.518887 2.904829 0.125000 21.260955 
141.872345 565.602973 129.402815 567.105794 1.689721 0.062500 0.637851 
89.381677 568.219501 56.867360 570.516876 2.039810 0.125000 7.444392 
178.104881 541.647573 151.729551 543.980844 3.735412 0.125000 15.884543 
53.152445 465.623386 52.419961 453.166457 2.862564 0.062500 0.608865 
169.475825 561.925021 151.791360 563.296561 2.782480 0.125000 12.420773 
15.293805 285.230505 5.001537 293.871285 5.436855 0.125000 3.590873 
171.062597 159.004925 164.052939 162.490909 5.033548 0.125000 0.898940 
772.018119 252.527103 754.537125 256.363704 5.002637 0.125000 4.772198 
123.511629 482.376435 105.619660 473.135338 2.648297 0.125000 2.442553 
309.373289 543.112579 296.937046 544.825479 2.476619 0.125000 0.015897 
318.955942 503.034322 321.142223 523.068557 3.321057 0.125000 5.774419 
813.240173 525.522138 771.904841 529.672223 3.356623 0.125000 23.319317 
75.668309 583.621428 0.585462 590.171803 1.997573 0.125000 36.840758 
280.721492 546.156166 264.550977 549.093713 2.572518 0.125000 5.998552 
443.302912 624.387663 445.351559 595.605537 2.223070 0.125000 9.055110 
433.148858 562.068977 401.910192 565.911130 1.545835 0.125000 7.646235 
453.346466 476.844816 451.628276 464.238260 2.139487 0.125000 0.336821 
431.831317 575.174079 460.673916 572.379934 2.367821 0.125000 12.871467 
633.102065 312.969729 611.763718 316.121615 4.075059 0.125000 10.419264 
513.132296 544.466582 566.840191 540.188046 1.400197 0.125000 22.431081 
639.397646 534.723093 665.617993 533.017296 1.250000 0.125000 4.852271 
138.067128 533.808961 158.113187 531.759459 1.762749 0.125000 3.545846 
585.223535 644.770211 570.967132 630.288198 2.755649 0.125000 4.491389 
27.876030 466.952363 27.357972 456.914587 3.248871 0.125000 0.015897 
15.657121 608.450456 73.091153 602.782052 1.735041 0.125000 29.934093 
210.482427 142.384614 234.454401 149.091187 7.079334 0.125000 32.561885 
676.881485 532.212378 740.631959 530.987044 1.465963 0.125000 27.335982 
83.886736 185.775920 73.021136 191.683983 9.478461 0.125000 16.141499 
698.864364 306.076054 707.712251 309.268822 6.400300 0.125000 4.255108 
150.814982 562.588622 142.972904 563.052228 6.386644 0.062500 4.079754 
226.650347 177.352456 215.513365 172.112259 4.058705 0.125000 5.174840 
416.907557 565.974408 434.372397 564.347065 1.476550 0.062500 1.868194 
185.634778 591.980529 204.340013 590.247395 1.250000 0.062500 3.046091 
275.294743 151.824886 282.998632 161.970951 4.019184 0.125000 0.864275 
599.345057 549.994138 643.115112 547.916663 2.196795 0.125000 20.550720 
180.972926 136.594320 189.309329 146.927978 5.273214 0.125000 0.977676 
249.426051 169.397014 244.292997 181.300615 7.561103 0.125000 13.254268 
61.105687 302.324832 52.835612 297.356725 5.573472 0.125000 1.896362 
0.543337 593.421539 39.329989 590.099479 1.744180 0.125000 11.113726 
208.072044 560.099670 229.357757 557.953944 1.494441 0.125000 1.778920 
90.394361 308.667975 81.023254 304.687422 2.863337 0.125000 0.015897 
259.361216 545.498694 304.505624 540.571922 3.027691 0.125000 17.051860 
464.533630 191.856683 462.506564 174.302072 1.671910 0.125000 3.046091 
65.620726 605.583791 0.671156 612.320027 1.795714 0.125000 25.308600 
437.564339 673.076280 438.975201 656.840259 2.165974 0.125000 2.521984 
516.768926 499.509374 542.016086 497.108859 5.034652 0.125000 45.418006 
553.102492 231.650046 529.340241 234.027601 3.856514 0.125000 15.453703 
833.148504 245.123630 816.914505 245.633308 5.154439 0.125000 9.387829 
48.132639 564.496274 98.091903 561.349529 2.416479 0.125000 17.386007 
61.856816 556.692230 44.405201 558.428547 1.250000 0.062500 0.691983 
135.110410 132.791968 127.194759 145.022967 2.940423 0.125000 0.221914 
460.792860 479.360156 459.686373 466.847466 1.795675 0.062500 1.868194 
48.076874 591.350878 0.632558 595.707307 1.587653 0.125000 19.657641 
746.852924 312.187916 758.134957 312.983864 5.251510 0.125000 0.146012 
526.824151 108.714402 511.912504 109.862221 5.847828 0.125000 9.648309 
247.685945 146.970283 251.425394 164.201300 7.064287 0.125000 1.816895 
463.137786 572.025837 484.341390 570.228496 1.250000 0.125000 0.336821 
625.549167 511.011489 616.757199 511.783595 4.282390 0.062500 0.676901 
703.434342 50.612630 703.363642 63.133406 6.256959 0.125000 6.593264 
155.657843 594.800122 176.877764 593.160774 1.250000 0.062500 2.118184 
343.301621 159.161938 330.534973 157.620751 6.012644 0.125000 6.312424 
456.148415 465.608588 456.580356 479.384239 1.601960 0.125000 0.896872 
720.701595 33.694547 708.093415 35.390138 5.621807 0.125000 0.652256 
83.098439 565.292513 61.883967 566.987251 1.250000 0.125000 1.239911 
354.206392 331.889683 369.222084 330.870992 5.777015 0.125000 2.308082 
151.064305 366.670876 166.046261 360.377917 8.067240 0.125000 5.268068 
751.725856 139.122201 727.163176 153.613458 4.941564 0.125000 26.924178 
557.068123 103.072802 528.201943 105.350243 6.623899 0.125000 31.562887 
427.052478 380.611741 425.281063 356.900695 1.339652 0.125000 3.949181 
701.137790 61.217478 689.757596 71.067051 2.962591 0.125000 3.358919 
784.834995 298.747081 792.074051 293.394189 4.476107 0.062500 0.226329 
