28.184429 447.020939 24.789390 419.324204 4.354512 0.125000 43.337957 
182.463320 110.549667 184.321730 94.226620 3.725930 0.125000 10.972608 
229.437083 113.849618 239.445045 115.032240 3.069484 0.125000 0.600621 
56.982301 384.828480 25.428520 392.294626 3.491651 0.125000 29.144675 
35.305059 394.719813 56.551642 387.210146 3.677917 0.125000 24.549429 
10.153317 276.841097 4.579460 354.389696 4.278031 0.125000 111.565484 
35.770537 461.798748 28.502680 447.927120 4.060835 0.125000 12.585598 
35.743622 335.660915 36.663163 300.619441 4.404522 0.125000 39.737181 
230.074663 101.824985 229.152822 111.968409 3.282071 0.125000 0.769991 
24.310031 391.932145 26.540945 345.669169 4.797751 0.125000 48.177394 
18.814265 416.951914 24.674652 459.676812 4.953617 0.125000 51.366241 
5.096234 384.575002 18.582504 377.783491 3.381320 0.125000 6.007382 
243.018273 99.252562 224.317500 97.482479 3.733314 0.125000 10.585071 
6.165076 370.148403 18.426008 365.107078 3.738227 0.125000 11.899532 
7.572161 411.155047 18.693411 402.615231 3.275321 0.125000 6.598960 
25.824485 396.299820 37.189850 392.940078 4.523582 0.125000 5.364331 
25.208798 419.475363 23.919880 398.077121 4.765482 0.125000 26.431125 
6.337364 397.169283 18.622047 390.258565 3.540911 0.125000 9.164694 
34.307655 91.867241 36.614490 71.844986 4.681000 0.125000 12.002977 
6.897509 346.890218 11.945984 339.422991 3.135877 0.125000 1.545858 
7.226633 422.972708 18.858908 415.520582 3.667543 0.125000 5.872694 
6.569964 355.823875 20.924806 351.658100 3.756758 0.125000 9.308931 
125.473763 84.221205 120.504232 129.498941 3.606385 0.125000 31.265612 
19.668430 407.864984 6.138667 416.435861 3.836785 0.125000 14.289905 
29.381749 464.362884 37.231324 468.735311 4.008871 0.125000 0.769991 
18.217883 395.758828 6.268524 404.052209 5.218867 0.125000 10.424676 
51.650368 125.610461 53.186343 101.878970 2.656250 0.125000 8.172800 
20.199432 357.061613 5.976611 362.753587 3.945986 0.125000 18.052391 
20.505787 344.052797 7.883718 348.722875 3.821812 0.125000 7.539158 
33.471747 346.525866 46.704664 341.432459 3.768241 0.125000 3.972514 
19.778589 382.759351 3.478057 391.298924 4.007619 0.125000 13.688901 
36.324723 299.889102 29.093792 280.731138 4.545955 0.125000 15.610984 
29.202233 282.184830 13.163708 274.296301 5.093217 0.125000 16.786472 
137.282914 86.796242 139.843451 59.418813 4.163466 0.125000 25.215465 
25.727950 458.487865 28.950887 463.403093 3.942230 0.062500 1.344965 
29.803850 76.760945 26.983857 97.063741 4.436546 0.125000 5.922948 
122.020571 138.142620 125.969823 105.515436 2.560476 0.125000 18.763251 
184.460524 41.882487 180.640572 85.516933 3.580610 0.125000 49.976004 
44.750605 335.270142 35.526627 339.140557 3.272586 0.062500 1.065430 
265.463937 151.853222 267.832580 134.335461 2.711224 0.125000 7.468446 
20.255303 369.888967 4.772230 377.665849 6.702073 0.125000 10.421797 
173.677031 88.059339 176.740509 55.494755 3.382289 0.125000 39.288938 
236.860798 81.921399 228.510496 79.365539 2.033650 0.031250 0.536876 
36.186854 70.673401 37.585600 54.436214 2.919909 0.125000 14.510042 
133.679564 290.666169 137.958999 233.019882 3.413091 0.125000 56.032805 
150.443499 85.605883 171.962878 88.779035 3.242452 0.125000 15.234738 
135.260864 223.193808 131.764020 268.213472 4.404182 0.125000 52.502406 
48.750893 94.456090 50.862733 78.155800 2.845697 0.125000 5.779635 
295.401502 327.924432 309.349784 225.451422 3.722466 0.125000 88.188651 
25.026786 91.833316 25.893593 79.393716 2.407062 0.125000 3.672962 
249.358561 99.501704 247.820885 114.472156 4.624418 0.125000 7.049753 
38.129305 469.387946 54.632570 463.899489 3.950122 0.125000 6.531973 
177.376122 89.280018 175.152117 106.815023 4.663879 0.062500 0.003262 
223.397270 90.661555 217.516647 134.461149 3.808448 0.125000 36.668171 
267.287681 208.685727 246.557034 223.942966 3.116580 0.125000 14.810550 
25.541566 98.115704 23.447439 116.910926 1.660992 0.125000 2.322555 
147.571901 86.915048 146.569555 104.357447 1.584025 0.125000 1.866782 
188.879170 16.774821 185.043359 35.760037 2.945586 0.125000 4.209027 
53.638300 78.050164 51.966148 94.511237 2.846507 0.125000 7.468446 
91.646416 84.145349 102.919622 72.924496 3.556096 0.125000 10.867492 
226.427123 92.567790 237.534252 83.640043 4.871422 0.125000 1.412956 
65.708429 385.300270 93.210254 382.820510 2.836820 0.125000 12.384685 
284.352238 95.937908 313.222258 98.037995 4.647006 0.125000 21.362993 
146.625559 60.518695 144.925181 84.502627 6.941542 0.125000 41.531101 
238.246295 84.626713 259.559178 82.905249 5.486950 0.125000 25.189156 
138.475751 204.400363 136.754307 228.206661 2.042726 0.125000 0.057734 
140.050981 150.799405 133.610821 221.918993 4.636568 0.125000 90.114775 
142.248051 94.397356 141.347880 109.418320 3.444183 0.125000 4.209027 
267.140352 121.909028 264.103529 145.590187 2.034824 0.125000 9.274009 
119.643976 98.167464 121.437655 86.805955 2.274488 0.125000 1.545858 
126.668396 74.361940 126.107544 83.234517 5.147755 0.125000 2.157437 
193.093105 83.587249 203.026210 83.185067 6.346023 0.125000 5.239084 
27.032976 182.945671 19.710029 176.494686 2.590510 0.125000 0.666069 
301.514081 255.737270 295.667368 302.038196 4.008332 0.125000 69.571931 
139.084480 230.659199 139.933113 206.850339 3.346884 0.125000 4.880600 
39.760059 78.059948 38.430199 95.741966 5.267161 0.125000 12.002977 
177.773014 53.190217 178.682603 40.665495 4.011773 0.125000 0.057734 
309.915479 195.369366 302.051676 255.648049 5.227275 0.125000 72.035047 
41.154302 55.501731 39.810789 76.980448 4.287922 0.125000 32.331321 
180.930796 40.392707 186.944295 15.949573 2.485584 0.125000 12.576102 
31.069319 165.426767 29.482188 181.885336 3.537113 0.125000 3.191477 
143.438000 144.405505 146.248860 115.563977 3.215705 0.125000 22.913395 
310.808679 220.728882 312.269856 200.563038 3.740195 0.125000 12.581585 
119.903741 132.979271 117.087461 146.917927 2.215472 0.125000 6.382232 
141.866362 110.624232 141.876422 126.875773 5.004642 0.125000 6.302159 
132.384159 269.324833 130.850395 291.974907 4.417041 0.125000 21.183499 
141.976485 178.129545 143.266554 149.325355 3.354746 0.125000 16.081754 
116.015269 138.162285 118.179300 115.510768 3.970760 0.125000 5.217374 
33.572435 126.861825 33.900675 106.867213 1.537080 0.125000 8.400731 
295.838629 308.018775 291.995953 345.509276 3.027840 0.125000 13.368264 
297.330804 131.952378 300.735977 111.893840 1.859995 0.125000 4.036638 
51.696923 96.984052 50.047863 113.193454 2.234131 0.062500 0.124421 
142.763635 84.368998 142.831233 94.376984 2.550600 0.125000 2.769872 
67.221299 105.530596 65.644276 120.627014 1.731597 0.062500 2.494967 
116.606902 148.094593 113.775698 173.057028 3.841187 0.125000 17.193506 
191.541211 55.694192 192.587890 41.834438 2.244426 0.031250 0.499660 
216.149045 120.544937 220.280138 83.086966 2.631186 0.125000 31.360247 
132.546033 185.670409 136.610552 125.607105 3.122623 0.125000 69.571931 
181.997676 120.818143 174.311053 119.925905 4.013245 0.015625 1.213442 
241.792551 123.830111 265.510586 126.603479 2.918605 0.125000 12.739813 
120.720549 149.269144 121.733076 138.226603 3.451748 0.125000 0.769991 
141.269391 128.048609 140.545948 145.621746 3.849658 0.125000 13.569759 
5.993312 121.905393 7.436111 104.421303 3.428892 0.125000 7.169695 
266.328346 295.084082 233.696899 327.451563 2.676755 0.125000 37.230586 
1.968775 86.033660 21.860975 88.250827 4.003854 0.125000 1.405672 
38.130096 109.227193 35.133619 134.465070 3.429092 0.125000 15.390929 
214.387539 124.266484 201.767170 122.808158 2.483475 0.125000 3.308881 
264.327665 129.770710 253.088956 128.426317 2.779240 0.125000 3.308881 
269.354704 133.323492 293.111938 135.752741 2.868492 0.125000 18.715961 
20.248121 145.365784 27.909486 134.226770 3.220296 0.125000 4.099341 
86.927756 110.547664 75.645896 110.099260 2.498028 0.062500 1.092605 
140.414205 204.426029 141.155003 189.339645 2.313074 0.125000 1.493036 
245.935450 143.148560 246.878622 130.720135 3.360895 0.125000 2.428901 
113.207564 113.858555 105.504761 112.627103 2.665984 0.125000 0.060602 
14.483067 105.632760 13.220082 123.221585 4.718578 0.125000 7.957208 
207.257986 210.661980 215.470449 125.610077 3.569678 0.125000 62.769596 
201.616581 126.706728 200.193186 139.466273 3.316095 0.125000 4.215859 
268.119509 183.122371 277.773960 162.956935 3.430232 0.125000 13.833673 
239.075753 138.092544 237.304720 154.421607 2.620208 0.125000 4.938347 
270.508407 126.764564 294.392067 129.208185 3.094387 0.125000 21.187601 
134.366476 115.706500 126.818307 114.917074 2.876505 0.062500 0.198564 
281.895500 144.221917 270.514803 142.697908 2.809699 0.125000 3.308881 
246.011672 321.077005 256.849721 309.351634 5.577065 0.125000 5.589322 
4.337166 99.717441 23.133931 101.794164 2.484880 0.125000 8.315647 
190.244469 39.438562 188.145353 26.871600 2.671778 0.125000 3.308881 
300.980467 205.497984 304.882187 178.019527 3.529536 0.125000 9.922381 
294.402143 132.861385 269.409693 130.288055 2.870938 0.125000 22.210154 
28.781929 184.380371 28.963045 204.378731 3.681925 0.125000 3.958801 
281.964967 164.333930 289.397223 180.614855 3.189043 0.125000 10.054408 
220.736236 145.646884 223.387110 132.172484 3.295763 0.125000 0.832048 
112.811952 185.592746 110.351233 209.475584 2.999287 0.125000 21.187601 
100.511221 109.323418 114.373620 110.639531 2.606954 0.125000 4.051945 
234.427627 153.306874 236.382408 139.306224 2.504030 0.125000 2.338529 
0.403071 159.053363 18.101759 146.841317 3.086554 0.125000 7.595569 
109.997589 174.449043 112.395268 154.288215 2.717445 0.125000 13.497581 
307.537449 173.231566 309.560630 160.654862 2.425324 0.125000 2.426833 
248.732933 205.065281 267.434256 183.612529 3.381878 0.125000 24.582521 
156.857059 114.476731 166.983010 116.262571 2.896210 0.062500 1.092605 
232.036760 329.644481 191.232850 354.137636 3.647894 0.125000 40.585595 
202.029320 350.878841 226.028528 336.288762 1.990438 0.125000 13.654055 
238.365288 127.262402 228.071925 126.091630 3.584711 0.125000 1.597883 
58.289163 108.207222 57.057813 129.385629 3.671123 0.125000 11.783604 
163.571310 287.405978 152.669111 296.569758 2.524066 0.125000 3.186402 
309.387817 182.972037 310.748878 194.208585 4.963719 0.125000 3.426323 
166.887788 118.936187 156.896275 118.645001 1.540780 0.062500 1.047650 
235.677582 330.687144 245.089032 321.344273 5.316194 0.125000 3.642723 
34.990887 135.618064 35.145563 149.352244 5.070067 0.125000 2.593521 
61.473605 139.453802 62.875971 124.351875 2.048336 0.125000 4.191901 
106.709770 213.113391 108.557348 186.817551 2.823916 0.125000 16.166699 
156.419185 109.350467 155.342229 129.359781 2.227662 0.125000 0.576351 
112.598839 153.305743 116.124164 139.187516 2.122700 0.125000 1.460567 
20.303540 130.584408 21.876805 118.125228 2.469063 0.125000 0.600621 
174.460903 358.271400 231.965595 324.529396 3.002773 0.125000 43.045606 
38.607513 148.333770 32.155286 163.246272 2.790813 0.125000 1.364802 
23.190012 104.745556 16.790175 104.272453 4.012855 0.062500 1.743053 
225.811845 121.815015 238.237353 123.587282 2.651455 0.125000 0.650209 
15.883409 168.463166 0.382758 180.307991 1.986427 0.125000 4.036638 
129.472287 226.882463 132.544771 186.830489 2.974137 0.125000 30.789454 
22.800561 208.224431 25.218639 185.715630 2.660412 0.125000 9.439048 
199.266438 119.240709 214.487216 120.721739 2.763915 0.125000 12.703862 
141.951885 370.814151 173.567354 357.963269 2.645050 0.125000 14.822902 
219.207053 134.492640 214.462343 178.134496 3.728032 0.125000 29.746222 
198.617881 374.981317 229.670425 349.738417 2.058758 0.125000 9.374121 
155.513576 297.988985 165.174310 290.074845 2.900882 0.125000 2.338529 
276.920687 163.133812 279.102309 151.822406 2.454760 0.125000 0.600621 
169.467649 115.982573 186.909434 117.793320 3.002944 0.125000 10.038091 
78.020859 106.471885 86.943361 107.569075 3.091558 0.125000 3.672962 
40.498973 103.111428 48.174054 103.893739 2.613868 0.125000 0.060602 
128.371262 391.198178 166.976661 374.611618 1.820769 0.125000 16.166699 
145.959475 381.511126 118.172070 391.999703 2.006319 0.125000 3.955650 
203.821491 235.693181 206.038745 213.043138 2.609890 0.125000 7.976329 
289.565680 204.400801 291.437664 190.565825 2.142209 0.125000 6.382232 
220.251466 212.316502 235.606800 215.707417 2.370569 0.125000 0.126146 
212.161398 203.141654 210.704117 228.202288 2.872894 0.125000 14.513104 
54.253522 104.193320 65.640563 105.488129 2.907671 0.125000 2.322555 
235.364066 213.992739 246.530559 206.370404 3.195959 0.125000 0.576351 
18.362424 179.569358 0.312355 201.619067 2.816276 0.125000 17.826727 
190.622680 184.402234 165.591334 182.270279 1.775892 0.125000 5.779635 
214.432971 92.998741 198.159193 92.313249 2.392572 0.125000 6.657433 
199.332540 355.538657 146.661301 381.440443 2.187976 0.125000 24.562125 
214.243972 180.615954 213.379189 193.142548 2.924513 0.125000 0.650209 
-0.168180 188.094315 16.268681 177.914300 3.544486 0.125000 9.181605 
193.046454 214.747118 203.125103 216.874511 2.187941 0.125000 0.060602 
30.624238 198.024831 75.621630 197.682312 2.642648 0.125000 25.869696 
221.024977 316.319013 184.100964 289.755924 2.686758 0.125000 49.536288 
287.509181 187.796883 279.868159 202.137762 2.206358 0.125000 2.338529 
146.907939 288.162941 133.498156 299.804823 1.566122 0.125000 0.666069 
115.509944 198.650342 128.221514 201.434320 1.907265 0.125000 1.866782 
285.328292 255.103889 278.197311 264.430289 2.978992 0.125000 1.493036 
211.583241 229.001671 229.118980 215.297402 2.309133 0.125000 6.704801 
1.831307 181.815492 14.723464 172.349594 1.747368 0.125000 1.545858 
258.087184 220.319730 273.165490 218.451848 3.106858 0.125000 4.938347 
100.099496 351.865446 54.043583 371.080644 4.033883 0.125000 47.550293 
129.446776 189.948282 116.823621 188.609414 2.486055 0.125000 0.600621 
84.320735 176.262800 60.635835 174.247654 1.563407 0.125000 3.186402 
168.109563 198.977570 183.135446 198.393919 3.407554 0.125000 3.391486 
51.875000 195.625000 30.625000 195.625000 1.250000 0.125000 2.769872 
168.119394 159.446794 188.192221 161.014075 2.024636 0.125000 6.657433 
144.555560 378.521861 176.100400 364.169904 2.167771 0.125000 13.018389 
141.556591 327.145477 100.780516 352.128822 3.339713 0.125000 38.742247 
178.119346 363.114040 197.989923 352.863162 1.930982 0.125000 9.506306 
34.357393 182.351610 45.638176 182.768346 1.664463 0.125000 0.963692 
190.312073 61.841283 188.966346 74.330969 2.083887 0.125000 0.666069 
180.321106 270.316335 168.349437 282.102961 1.822785 0.125000 2.426833 
51.787499 221.100436 78.067556 225.937121 2.232451 0.125000 8.619128 
103.441534 337.347558 76.651956 355.292013 2.469259 0.125000 30.017959 
204.436361 208.927251 185.510258 210.374824 2.690466 0.125000 7.539158 
104.436426 225.003377 55.546217 220.172275 2.625540 0.125000 18.831155 
166.749476 209.063908 141.860107 205.736400 2.398465 0.125000 2.724566 
168.223937 212.636768 188.164985 216.677685 2.698456 0.125000 5.364331 
31.881244 211.784721 53.116128 213.253287 1.850714 0.125000 4.051945 
133.745995 310.061555 104.186402 336.798458 2.822905 0.125000 23.781752 
30.627847 193.659308 60.626995 193.499485 1.356533 0.125000 3.186402 
196.700919 359.092588 218.241839 345.814548 1.719999 0.125000 10.394232 
230.487872 181.786198 248.038348 183.858764 2.629344 0.125000 1.941322 
195.285615 252.406709 210.478644 262.104294 2.309043 0.125000 4.036638 
106.914893 187.860464 96.768627 186.330373 2.285652 0.062500 0.617757 
290.398662 214.381208 291.049552 238.113356 2.841763 0.125000 2.836318 
156.108857 282.464187 169.225241 271.692640 1.829471 0.125000 2.426833 
58.103061 216.092261 31.852242 214.859706 2.204115 0.125000 12.576102 
285.432691 278.020376 274.992283 297.210828 1.598673 0.125000 7.285322 
276.893590 201.884679 284.125539 187.995112 2.309119 0.125000 2.338529 
76.229862 359.051979 102.077881 342.185925 3.007166 0.125000 18.397612 
294.592866 253.264282 278.895380 277.818378 2.106346 0.125000 12.585598 
311.663376 240.624627 311.639136 254.376788 2.511012 0.125000 2.338529 
56.873313 184.295359 85.636885 183.685935 1.620415 0.125000 12.776409 
53.126968 164.361056 34.224241 161.693166 2.475466 0.125000 5.872694 
79.377453 200.750328 30.646121 201.704127 2.744132 0.125000 28.624224 
198.134114 225.501950 185.610237 224.574313 1.892923 0.125000 2.769872 
102.636174 341.472583 134.919081 312.480846 2.315988 0.125000 21.490728 
128.121243 211.915098 114.374799 210.627144 1.944187 0.125000 1.866782 
277.107027 298.244694 287.357617 278.373965 1.719213 0.125000 7.732141 
51.962639 369.564928 75.347791 358.774244 1.921358 0.125000 8.315700 
105.619091 192.928564 90.595083 193.380530 2.649216 0.062500 1.756290 
230.487882 349.229060 250.467387 330.457247 1.821975 0.125000 11.899532 
79.328825 225.120459 95.593846 226.127948 1.876982 0.125000 3.672962 
183.187418 232.689868 201.910767 235.375658 1.587216 0.125000 2.426833 
235.630762 188.436887 225.634174 188.621576 2.568844 0.125000 0.963692 
94.357367 381.801408 140.645506 370.710583 2.874095 0.125000 44.022077 
89.471576 182.375848 106.844009 184.615403 2.159841 0.062500 2.138826 
26.923947 221.601010 39.470159 223.842329 1.801559 0.125000 0.963692 
279.728123 188.359092 271.300124 201.072553 3.453350 0.125000 0.179478 
101.978053 243.619070 69.569146 239.200873 2.702553 0.125000 8.259741 
219.164296 345.340169 236.451218 332.552130 1.610365 0.125000 2.338529 
248.826435 328.887874 229.324056 346.819594 1.988533 0.125000 2.146967 
195.641845 240.514513 182.017960 238.437342 2.177742 0.125000 2.426833 
72.992153 205.276392 104.479348 209.916980 2.837796 0.125000 8.146029 
49.374762 250.753649 75.624673 250.802163 1.284650 0.125000 4.576052 
184.377238 210.615610 172.886143 207.877371 3.647861 0.125000 0.576351 
30.711056 276.109335 53.207853 278.637834 2.623971 0.125000 7.169695 
141.933492 237.669672 163.154450 240.395744 2.798160 0.125000 4.995346 
50.569358 210.101334 31.833552 208.666048 2.779132 0.125000 1.872712 
76.040087 355.206099 42.532417 371.941298 2.234077 0.125000 18.658988 
144.438999 224.069324 159.310523 227.182959 1.479629 0.062500 0.198564 
166.807021 240.413395 188.129303 241.809277 2.331345 0.125000 1.610989 
184.060118 333.893654 204.365512 320.610496 1.769576 0.125000 12.703862 
224.561072 350.862179 205.670111 365.682502 1.678895 0.125000 4.888880 
0.615921 141.182174 11.883298 141.365770 1.412758 0.125000 0.666069 
99.350109 257.495888 54.322253 255.690735 2.645408 0.125000 29.144675 
286.595363 229.353022 287.677070 215.589795 2.296433 0.125000 0.600621 
111.864012 249.781560 126.886822 250.187570 1.587248 0.125000 7.285322 
181.999362 289.511317 165.039765 304.983504 3.207864 0.125000 11.393989 
293.782538 243.068128 295.458485 225.609016 2.966328 0.125000 8.315700 
177.013244 369.622625 197.049171 358.436979 1.700756 0.125000 2.428901 
190.364748 353.774073 175.910413 360.034023 3.097887 0.125000 1.102343 
39.443335 302.639705 75.678916 307.742102 2.667595 0.125000 15.841664 
105.622278 262.638680 76.877098 262.536239 1.352450 0.125000 4.919045 
64.314302 302.543653 45.605003 300.845287 2.037738 0.125000 9.091502 
218.885202 317.668538 199.613712 338.347465 1.872018 0.125000 1.872712 
213.339289 317.199770 180.928498 338.584972 1.958066 0.125000 16.069617 
138.092431 263.525680 150.611323 264.543264 1.752245 0.125000 0.060602 
149.180909 357.753193 193.304873 334.719570 2.125778 0.125000 25.604468 
31.795257 217.869155 50.525015 219.371510 3.338217 0.125000 1.132568 
28.113959 243.681819 61.875471 244.351257 1.671026 0.125000 4.460295 
100.625000 219.375000 84.375000 219.375000 1.250000 0.062500 3.371932 
159.516747 260.437267 138.105155 258.326283 2.996044 0.125000 8.619128 
82.712509 366.162810 109.416300 350.696306 2.222089 0.125000 13.569759 
60.581210 297.074269 92.894210 304.175217 2.468845 0.125000 10.144529 
59.383029 259.027276 94.364379 259.834992 2.759026 0.125000 10.656627 
56.913949 277.722940 94.425203 281.356768 2.651595 0.125000 9.508565 
31.939993 259.016578 55.592271 263.305493 2.013829 0.062500 0.219014 
60.614729 275.758765 38.151181 274.034009 1.629106 0.125000 6.382232 
170.605738 259.594855 160.573231 258.715886 1.974557 0.031250 0.536876 
91.869774 277.064869 69.352428 276.445119 1.352700 0.125000 3.672962 
163.049619 222.582365 180.616538 224.454407 1.293803 0.062500 1.047650 
264.619019 229.272633 270.013373 242.131579 3.272470 0.062500 1.947799 
166.284447 307.387919 140.537851 328.016227 4.871682 0.125000 30.233072 
134.329886 363.008017 148.397950 357.582782 1.433028 0.125000 0.060602 
284.682524 339.424771 287.309193 323.195272 1.833068 0.125000 0.600621 
180.398860 381.513746 158.049380 395.504198 1.250000 0.125000 5.479142 
66.875000 238.125000 83.125000 238.125000 1.250000 0.062500 3.371932 
90.646841 376.940473 111.645063 369.935715 1.583133 0.125000 1.493036 
175.561727 280.552203 192.245463 266.051227 1.886885 0.125000 5.743034 
190.797387 338.445312 165.674129 351.966287 1.352904 0.125000 8.618929 
46.785249 270.257745 68.069409 272.421762 2.487178 0.125000 0.179478 
61.833620 371.704924 82.151516 366.761503 2.461667 0.125000 1.872712 
39.333407 317.109504 58.156382 320.448070 1.885693 0.125000 3.186462 
53.082099 238.382984 39.297555 236.090714 2.258318 0.062500 1.603340 
60.682868 317.798585 39.435832 314.031862 1.807015 0.125000 5.787578 
84.416830 307.968784 64.505632 302.637151 2.414922 0.125000 7.468446 
54.376064 292.372343 36.873470 292.409776 1.287425 0.125000 0.060602 
205.987410 326.039153 217.314500 316.127251 1.763856 0.062500 0.617757 
59.341388 322.402570 76.849957 323.518065 1.700161 0.062500 1.092605 
