661.417364 63.216208 659.838973 76.928407 4.967201 0.125000 8.758990 
678.980774 72.100055 673.138961 61.867030 4.496130 0.125000 4.168673 
603.115703 78.695751 569.374655 78.146159 2.967901 0.125000 17.764504 
663.123405 73.028722 675.640681 72.821296 3.790908 0.125000 3.352255 
701.935548 220.701773 702.381950 213.081472 5.137644 0.015625 0.023354 
670.703968 61.067525 660.796401 62.835509 4.263470 0.125000 0.118756 
670.564025 231.448961 709.470968 234.328182 7.387296 0.125000 53.579722 
691.932163 221.784637 669.419799 220.824546 4.492244 0.125000 24.584972 
535.720128 63.516657 508.031917 70.241763 3.418141 0.125000 27.846448 
664.414527 216.450427 649.312673 215.044474 4.630857 0.125000 7.597081 
339.030489 178.193240 341.105378 150.661203 5.480831 0.125000 26.177814 
634.396072 66.654716 620.415285 65.317350 2.334074 0.125000 2.289385 
691.980336 176.765632 676.877300 175.595318 4.704506 0.125000 19.302681 
573.707025 190.644895 573.237571 204.378848 2.882864 0.125000 4.941030 
584.322765 185.105891 641.886092 189.219790 4.451961 0.125000 64.264482 
591.812816 72.626718 603.191756 73.568019 3.212853 0.125000 8.072007 
342.379129 132.452505 358.982273 144.898888 5.002303 0.125000 10.374481 
700.879770 88.168549 698.317595 103.157921 2.074575 0.125000 0.441071 
709.545429 222.923031 703.090912 222.165412 4.307320 0.125000 1.407338 
171.935966 151.215018 160.552168 150.163434 3.179280 0.125000 7.168917 
504.330640 81.474541 479.360109 84.240574 4.694357 0.125000 9.031195 
693.900638 164.356000 693.448750 175.637967 3.947105 0.125000 0.591494 
471.894782 210.223075 489.413866 211.085334 4.563816 0.125000 9.968504 
676.781020 159.445972 708.139091 161.676938 2.942184 0.125000 32.963336 
585.585438 113.674688 369.286303 98.107398 5.256296 0.125000 401.518297 
600.656809 87.685823 580.581052 86.231781 3.125556 0.125000 19.169650 
644.538921 159.563195 676.876339 161.856111 4.350360 0.125000 30.146355 
193.144270 84.127274 0.545611 69.145589 5.068927 0.125000 342.260618 
292.628432 133.950266 301.991506 150.559322 5.524616 0.125000 11.858042 
433.113337 208.286429 461.983570 210.372303 4.896923 0.125000 30.576139 
224.587126 124.157825 241.025949 140.214509 4.533441 0.125000 10.577540 
634.339688 213.456480 618.140362 211.730793 4.971868 0.125000 12.171735 
358.667821 145.489210 361.831476 158.135888 4.547184 0.125000 10.720763 
585.850147 213.150696 587.274513 200.670597 3.192593 0.125000 1.409405 
366.904605 97.756921 195.456739 83.966949 4.599469 0.125000 347.028738 
588.107569 199.852325 604.381515 200.446603 3.045726 0.125000 8.254513 
252.586088 174.288381 254.400505 136.815710 4.933695 0.125000 28.392852 
485.728056 68.107113 487.486092 78.235894 3.694759 0.125000 3.899550 
616.777680 201.835763 638.290585 203.564955 3.882263 0.125000 16.234338 
675.513010 183.516752 709.446184 185.831451 3.259826 0.125000 32.818769 
133.832858 159.337663 135.986682 128.063822 3.998790 0.125000 38.763085 
526.906535 85.044399 583.208245 82.392026 4.301942 0.125000 68.287846 
644.276117 189.493299 670.659331 191.399943 3.379849 0.125000 17.052276 
127.759536 134.157819 126.889829 140.626994 3.550014 0.031250 2.351892 
213.196807 122.825377 226.151057 125.929975 4.329948 0.125000 3.747552 
574.339455 94.830650 590.781931 96.113332 5.082073 0.125000 7.391134 
471.855148 82.192841 463.061379 81.643585 2.962675 0.125000 1.407338 
464.254252 136.096175 517.107976 139.804083 8.268911 0.125000 99.048479 
709.467595 121.766347 588.099789 113.494922 6.714408 0.125000 211.748861 
630.776794 47.167464 616.590669 44.918594 4.742620 0.125000 8.162109 
709.417875 188.778934 676.906263 186.440364 3.121326 0.125000 28.570398 
709.351027 164.615121 679.399969 161.624900 2.735991 0.125000 6.640022 
572.116741 63.030825 571.042601 74.530761 5.094580 0.062500 0.171304 
707.729273 86.979462 705.753050 103.140658 2.490385 0.125000 1.409405 
480.846878 88.001478 505.774300 90.109656 4.790058 0.125000 24.557421 
672.834573 210.933650 693.134538 213.032757 6.988272 0.125000 33.336317 
663.889343 98.399447 662.821992 86.787951 8.040613 0.125000 5.945594 
134.529341 126.367648 116.423360 120.859634 4.001808 0.125000 27.209608 
584.314170 82.787570 599.413723 83.794076 4.656376 0.125000 14.961706 
649.244681 203.607325 668.076179 205.023979 3.673133 0.125000 16.667123 
115.756578 120.573732 88.041672 123.615848 4.682318 0.125000 40.454071 
462.621205 209.383441 462.560982 196.871698 3.792072 0.125000 4.168673 
524.945030 140.469721 527.105980 148.402586 3.277749 0.125000 0.847287 
201.844999 144.982581 233.142136 146.527952 2.928484 0.125000 26.045872 
175.883012 130.776575 162.025614 129.254116 4.424049 0.125000 3.975851 
436.755910 133.513066 463.229491 135.437741 4.261735 0.125000 26.163235 
527.058921 203.661513 492.015137 200.378941 5.016013 0.125000 29.858259 
608.190248 71.217014 591.852990 69.596954 2.241099 0.125000 3.899550 
364.140613 163.111628 367.777921 99.355199 3.065516 0.125000 47.103495 
361.884484 199.235984 431.899726 204.012573 6.658694 0.125000 134.029386 
584.320768 199.151470 582.132544 211.919140 4.751889 0.125000 3.216303 
86.582671 123.206750 82.760055 167.987142 4.176969 0.125000 34.379026 
183.323787 188.140151 185.320140 161.947035 3.359174 0.125000 24.391751 
161.848289 162.959114 176.869968 163.329232 2.837924 0.125000 0.853216 
494.370102 186.088243 506.877399 186.010380 3.749927 0.062500 4.921979 
618.679962 239.742827 587.841017 231.716067 5.253127 0.125000 30.246116 
377.539032 192.051648 378.589649 180.667883 3.619255 0.125000 3.079846 
553.054604 217.542436 576.934475 220.061113 5.234646 0.125000 37.911747 
616.297956 211.923137 616.927029 203.128722 2.939557 0.125000 2.653467 
186.331634 141.925991 187.331657 128.067752 2.943352 0.125000 7.381235 
644.184288 179.648818 641.258504 164.254598 5.612252 0.125000 8.903063 
407.452827 192.050891 408.429232 181.904276 3.732757 0.125000 8.975097 
60.266767 120.703254 61.047831 111.802414 3.036779 0.125000 2.289385 
540.704176 203.117416 529.341817 202.402057 4.213847 0.125000 5.685305 
398.212587 177.023303 373.270854 175.040394 3.242882 0.125000 20.068253 
575.631163 206.875533 576.498614 196.842458 2.081053 0.031250 0.347349 
671.733395 192.894446 670.170331 210.803512 6.226331 0.125000 5.932711 
163.093789 141.796434 178.149710 142.197579 3.781962 0.062500 0.467828 
178.516228 164.317666 177.846019 174.356375 3.077321 0.125000 4.941030 
394.849967 181.833297 394.376901 190.625102 2.899363 0.031250 5.199062 
230.968049 134.394267 219.250691 132.773928 5.848630 0.125000 3.360196 
608.079062 64.135067 573.037843 62.541399 5.902800 0.125000 33.285047 
671.920767 176.205488 645.622759 174.407780 4.167518 0.125000 14.576217 
495.613256 69.322142 529.363577 61.823587 3.932341 0.125000 18.412360 
151.852066 159.372572 154.235229 136.860204 3.597573 0.125000 8.354625 
238.186355 139.130451 240.297832 150.452905 4.832229 0.125000 9.034912 
571.948660 206.027420 560.567354 205.038314 3.031736 0.125000 3.899550 
638.148883 193.909308 588.152171 191.345206 4.961345 0.125000 72.036857 
506.531278 185.854248 516.993086 186.757924 6.657104 0.125000 1.102625 
275.208655 171.889803 275.086321 158.118681 3.827578 0.125000 7.356132 
424.452828 194.094749 408.181343 193.267184 4.380087 0.125000 6.549561 
550.310710 191.857853 549.630749 204.320755 2.972968 0.125000 0.441071 
426.627070 159.347713 425.554622 169.092109 4.547973 0.062500 1.337402 
589.415535 231.431317 549.370948 231.044258 6.213463 0.125000 65.611909 
652.010495 288.752096 639.551955 291.443980 3.235587 0.125000 2.166967 
439.377621 143.052320 426.803822 142.598919 3.927743 0.125000 7.296152 
665.635189 153.856549 655.639051 153.660089 2.524079 0.031250 6.880800 
86.277615 104.583870 90.054928 115.387269 3.044941 0.125000 4.941030 
149.529782 146.669564 139.247272 145.576044 3.861161 0.125000 4.768082 
189.107062 116.070347 193.694921 131.707791 5.293408 0.125000 4.954559 
398.160274 156.080105 370.658961 154.859706 2.830035 0.125000 2.148342 
590.683418 43.759786 580.653328 44.682826 2.947680 0.125000 1.407338 
424.444609 183.072110 423.994929 193.107970 3.970053 0.125000 4.768082 
180.014011 144.344079 179.572324 153.071726 3.934744 0.062500 1.119330 
397.009668 167.587415 380.664098 166.356017 3.551598 0.125000 12.412894 
374.356417 172.176248 396.924756 173.568396 4.204652 0.125000 15.964169 
424.468358 169.413303 409.556878 168.264410 4.411093 0.125000 7.954857 
500.647309 51.133135 471.848173 50.267089 3.137610 0.125000 29.480306 
46.909449 141.383549 21.944497 139.633571 3.764059 0.125000 27.846448 
82.506057 168.062424 81.079395 182.173692 4.974641 0.125000 0.393461 
678.303413 256.563435 700.637692 269.352835 4.023796 0.125000 26.979982 
706.950291 60.800185 683.266390 62.051380 4.536108 0.125000 19.564471 
138.119833 159.447040 150.645055 160.345384 2.851290 0.125000 4.056312 
247.435518 154.322919 246.005970 173.248198 3.739347 0.125000 7.839194 
520.640272 215.820590 541.889339 215.961417 6.374124 0.125000 23.542630 
177.014452 175.250331 159.322916 173.731798 4.270758 0.125000 11.562089 
88.195043 147.356399 99.568025 145.701649 5.307857 0.125000 1.412002 
612.779396 203.118696 612.849153 213.126923 5.017303 0.125000 0.853216 
444.329407 183.956221 455.614019 184.575195 3.043936 0.125000 7.168917 
678.387301 290.379297 665.157403 293.834670 2.949209 0.125000 1.550584 
160.526563 136.581665 173.150150 137.880579 2.870702 0.125000 3.032450 
45.666119 167.662496 21.881851 165.547944 3.624572 0.125000 22.624493 
160.588004 158.784447 173.118692 159.487446 2.496075 0.062500 0.073109 
669.500387 196.473091 646.846267 194.753546 5.174875 0.125000 23.958392 
658.119435 80.294119 709.417995 79.431328 5.503792 0.125000 58.210711 
409.307402 154.156558 428.058792 155.385342 2.903337 0.125000 13.512929 
460.466625 269.438667 457.919391 313.113008 4.388052 0.125000 50.147132 
379.266178 179.882794 394.285998 180.812645 3.665597 0.125000 13.821419 
565.667963 87.918603 530.573062 89.363396 4.158160 0.125000 37.681842 
58.023516 148.122078 80.577601 149.957463 3.636258 0.125000 23.529934 
395.752644 192.720713 377.017735 191.275136 5.369837 0.125000 16.395008 
80.779400 123.598484 60.705453 122.069049 3.940965 0.125000 22.769048 
215.622460 134.231146 191.879860 134.650296 2.720250 0.125000 21.190659 
404.308077 131.766195 423.139921 132.870555 3.963103 0.125000 18.369331 
592.935852 219.448477 639.211488 222.849685 9.331713 0.125000 107.889003 
424.423308 146.880021 411.942100 146.395720 4.183380 0.125000 4.853199 
408.015782 176.891603 426.841378 178.514920 3.413972 0.125000 16.824672 
0.413228 103.284932 20.485039 104.882959 7.079521 0.125000 25.595907 
105.626296 114.389165 115.770114 113.461084 6.679563 0.125000 7.597081 
151.310021 136.834820 150.773033 144.385528 3.470244 0.125000 0.847287 
99.580097 146.408836 114.516160 148.193833 5.909178 0.125000 3.861105 
523.176535 52.180622 504.346184 51.153050 3.812540 0.125000 8.959192 
396.556068 158.106994 396.067597 166.758842 4.096343 0.062500 1.672706 
401.018653 144.312046 402.414249 153.038762 2.832052 0.062500 0.325470 
138.053176 146.869948 137.259630 158.152054 3.020064 0.125000 1.303060 
21.005918 163.226592 21.553694 154.432850 3.898173 0.062500 2.199009 
115.596338 147.734637 130.621312 148.235603 4.747295 0.125000 11.624191 
185.731974 154.447618 186.335863 143.163042 2.630023 0.031250 0.704992 
646.136409 215.748745 647.109925 201.891504 4.812505 0.125000 3.977998 
23.067783 153.992629 45.552431 155.475416 4.742399 0.125000 17.646251 
74.483593 168.529002 59.253183 166.574021 4.196918 0.125000 3.216303 
164.188021 114.782769 188.196545 117.490680 4.127905 0.125000 26.914924 
402.774894 252.986446 394.149891 274.780599 4.382119 0.125000 15.310731 
51.734177 175.979418 73.240177 177.040418 5.934438 0.125000 19.014039 
614.430206 292.572177 633.063370 291.096703 2.985563 0.125000 4.987887 
650.888019 100.048064 661.909580 101.634807 4.602344 0.125000 0.082847 
188.130189 115.625380 190.326470 85.603161 2.402137 0.125000 24.097939 
92.495184 178.281248 89.868281 167.692518 4.241633 0.125000 7.296152 
378.060473 141.794603 399.383497 142.970987 5.405552 0.125000 10.896557 
45.713760 156.868799 46.421112 166.994034 3.566656 0.125000 4.056312 
679.411592 163.897865 691.933806 164.858198 2.588263 0.125000 4.459647 
53.101902 100.922110 85.599846 103.448563 4.901340 0.125000 27.213850 
15.430052 178.204924 44.486417 180.400522 4.963754 0.125000 43.970747 
521.799573 185.543657 550.590993 187.401905 2.736338 0.125000 25.572043 
186.840589 126.853118 175.564418 126.537170 6.247548 0.125000 0.393461 
150.673749 113.886409 163.174027 115.133619 4.727093 0.125000 0.956017 
55.021574 166.905281 55.725268 151.879696 3.804371 0.125000 17.385665 
114.807560 115.534068 137.378244 122.814946 5.065550 0.125000 16.935923 
361.832308 224.983416 403.368275 251.493843 5.222335 0.125000 55.885102 
525.873446 157.725757 554.626535 160.189707 7.579339 0.125000 35.671633 
578.208519 180.703490 558.132327 179.272226 5.165120 0.125000 10.681486 
634.328338 83.007405 603.072075 84.073873 5.593847 0.125000 28.072109 
465.707943 132.339724 453.215284 131.020218 4.385744 0.125000 1.894504 
619.610099 184.615245 620.856191 176.912400 3.502257 0.062500 3.784653 
615.666045 172.260791 588.109469 170.952017 2.912290 0.125000 22.769048 
286.984455 179.786479 271.754458 177.798463 2.339351 0.125000 0.578388 
573.068564 124.676454 584.394518 125.088448 5.087575 0.125000 5.346329 
630.625764 143.196236 631.410390 129.419731 4.383628 0.125000 14.129091 
630.398118 55.336224 640.546113 53.839970 7.419782 0.125000 1.438092 
631.755370 128.740636 644.284010 129.544005 5.229719 0.125000 2.752878 
329.554601 184.842602 306.900128 182.840649 3.660202 0.125000 13.364733 
516.868920 178.602258 508.119462 178.671099 3.759719 0.125000 0.441071 
463.099743 161.047310 493.141804 162.844032 4.244829 0.125000 32.639890 
584.305214 217.515404 591.986430 218.352438 3.863344 0.125000 1.407338 
17.762757 130.596277 19.255839 111.766435 4.490322 0.125000 4.629048 
453.091287 129.467581 453.608474 115.690072 5.230931 0.125000 17.521573 
261.893956 130.055989 281.843703 129.500662 2.812069 0.125000 2.538828 
656.834882 82.343557 639.252875 83.246194 4.801157 0.125000 10.674287 
24.916922 109.096306 23.273037 120.646070 3.075112 0.125000 0.473540 
492.968256 209.964634 517.999545 212.097404 5.512552 0.125000 38.974245 
512.168674 134.506569 513.235391 121.990947 5.512706 0.125000 15.813830 
210.490569 96.163154 223.013764 97.104629 5.454474 0.125000 8.959192 
368.364313 141.889540 366.009460 180.648358 4.308544 0.125000 29.286256 
458.056902 179.217050 438.043263 180.185040 3.624846 0.125000 15.813830 
688.949413 148.307152 690.483878 130.832131 5.199516 0.125000 15.166788 
152.489653 251.926347 155.004434 221.823159 3.841044 0.125000 15.434682 
196.583131 127.063383 213.288730 122.470535 3.404655 0.125000 2.665696 
652.980590 42.442478 632.908670 40.847641 6.783380 0.125000 27.989332 
513.083492 120.587794 526.817405 121.057839 5.082587 0.125000 5.512478 
586.565434 140.606044 585.335999 160.683845 2.583197 0.125000 2.162003 
615.646508 49.917372 630.632663 50.372864 1.667150 0.125000 0.526362 
0.483166 128.052962 13.101249 129.572261 4.320824 0.125000 1.627970 
442.303560 194.432190 443.494523 185.507504 3.139400 0.031250 0.261862 
617.951748 143.868004 638.125287 145.621693 3.627656 0.125000 11.365189 
466.857962 183.517865 491.865139 184.602381 4.396390 0.125000 30.327181 
504.996246 165.579983 504.277547 175.618023 3.029227 0.125000 1.303060 
654.361137 150.978563 670.586191 151.614754 2.645007 0.125000 4.768082 
209.502702 110.894414 211.050638 95.796801 5.738879 0.125000 22.624529 
392.963911 111.518763 404.337547 112.373416 5.173273 0.125000 11.566102 
86.823719 86.194581 100.590760 86.424575 6.144729 0.125000 9.405180 
137.254602 183.841371 148.526125 186.240241 6.972106 0.125000 12.362342 
392.038374 127.001387 393.369070 112.120382 5.536797 0.125000 17.639492 
454.281842 116.180263 466.812976 116.826917 5.315451 0.125000 6.576073 
132.612131 178.081933 133.871653 163.082733 2.491232 0.125000 2.166967 
426.925458 181.335596 409.345432 179.691087 1.710254 0.062500 1.180738 
471.113267 197.866673 476.097061 207.286584 3.443150 0.125000 2.166967 
535.615540 31.984984 561.779502 34.235324 4.017565 0.125000 10.374481 
620.414304 59.987981 630.173548 56.760080 3.551123 0.125000 4.056312 
588.288783 116.889203 586.333545 139.436443 2.706636 0.125000 14.129091 
148.204769 173.627834 137.921620 172.529983 5.237143 0.125000 1.894504 
370.446967 153.207561 371.514459 139.347232 3.356509 0.125000 1.137941 
523.284502 163.134108 524.142322 148.111713 3.815163 0.125000 3.975851 
552.578986 205.698245 553.621668 195.676675 3.004003 0.125000 2.289385 
586.892056 157.885642 616.829120 160.018867 3.115599 0.125000 31.481046 
33.233289 98.032008 20.713894 97.022540 5.486147 0.125000 7.954857 
147.490122 213.529023 134.493335 223.282682 4.751270 0.125000 1.775777 
538.016535 59.425586 537.457010 44.399875 3.840433 0.125000 2.171982 
332.137829 120.851191 333.374337 105.747750 5.617187 0.125000 16.234338 
517.727642 166.756303 516.914779 178.037800 3.830137 0.125000 6.509017 
116.745870 112.429076 133.127673 109.389403 2.546829 0.125000 7.599433 
603.119233 80.443547 625.596525 79.729127 1.964150 0.125000 13.821419 
702.031075 148.176352 689.502301 147.377778 5.466950 0.125000 4.743455 
34.894810 81.745222 33.905247 96.844213 6.400115 0.125000 18.367736 
523.110965 190.819378 548.160877 192.628133 3.996761 0.125000 14.029094 
438.143182 281.693078 395.445031 277.425732 3.109869 0.125000 26.978096 
270.628532 177.812759 253.116633 177.614665 2.556396 0.125000 7.381235 
517.984992 146.544467 519.259059 155.641238 5.298428 0.125000 0.082847 
690.567824 132.144724 701.848885 132.569145 5.325429 0.125000 9.034912 
507.331187 176.897313 507.822122 166.860186 2.802349 0.125000 1.750377 
552.956490 58.573456 564.736982 56.096825 6.068214 0.125000 0.393461 
410.605601 182.115286 423.124918 183.126013 2.693071 0.125000 3.172405 
455.678357 195.387171 439.404459 194.803546 4.195585 0.125000 4.846448 
101.085660 210.645034 100.576759 190.594498 4.002520 0.125000 1.775777 
147.990354 90.904171 161.743787 92.115182 5.748211 0.125000 9.405180 
13.189404 138.812127 3.036278 137.650408 3.336380 0.125000 2.166906 
273.034480 101.487203 284.317327 101.970738 5.209497 0.125000 6.354471 
309.204327 151.015434 316.969119 138.181946 3.657799 0.125000 2.406827 
16.861018 118.318980 0.605374 117.147284 3.290966 0.125000 2.162003 
56.360329 113.027720 55.463451 129.297186 5.542849 0.125000 17.378116 
159.454855 107.826011 146.923718 107.179995 6.499134 0.125000 7.391134 
161.697128 91.783461 160.659629 107.966949 5.789472 0.125000 16.571631 
114.486816 411.775760 120.581927 341.871244 3.511927 0.125000 38.502456 
333.036832 105.701320 345.564567 106.534108 6.319148 0.125000 4.719071 
345.341458 106.645336 344.001317 122.887898 6.126049 0.125000 21.435788 
649.193715 224.863070 659.344046 225.921775 9.351163 0.125000 15.381716 
192.658706 86.839354 190.554171 114.369586 2.294417 0.125000 20.954714 
691.745784 67.216251 700.496595 65.971960 4.416533 0.125000 1.319033 
94.365926 176.985072 126.953603 179.671519 2.902342 0.125000 22.727861 
528.214386 60.633093 529.224646 49.474559 2.489816 0.125000 0.526362 
58.591084 193.371508 52.058883 205.722254 3.963176 0.125000 0.656478 
394.347170 279.626998 436.880610 284.324206 2.210472 0.125000 28.620571 
214.402160 148.680638 201.921255 148.192454 2.644657 0.125000 2.653467 
20.462359 80.316688 34.321558 81.345156 5.171301 0.125000 14.215243 
154.190253 185.324448 182.123150 187.670722 6.133357 0.125000 50.247762 
350.516788 220.850488 360.595195 225.687107 2.840023 0.125000 0.441071 
643.675493 129.309803 643.131254 145.583405 5.373230 0.125000 14.371433 
73.171592 260.062056 90.655284 261.509100 2.285273 0.125000 5.637937 
411.811749 158.891387 424.432115 159.932961 2.285900 0.125000 3.556557 
223.118934 98.098428 222.946654 114.346601 5.145502 0.125000 18.693015 
585.441720 165.910783 615.608781 169.510903 5.204811 0.125000 22.882462 
434.300326 177.546170 453.219237 175.105475 4.159230 0.125000 10.981804 
491.962216 153.134236 470.641830 151.635572 4.198848 0.125000 14.163450 
69.207323 324.371075 68.094708 371.903550 4.333999 0.125000 40.304954 
312.882489 207.610574 321.134034 210.331017 5.531360 0.125000 3.196363 
147.202281 107.131257 148.571131 92.028732 5.773149 0.125000 24.333432 
405.287259 113.094728 405.000920 128.113101 5.189716 0.125000 18.369331 
549.348360 189.779002 521.885348 187.968071 2.083346 0.125000 11.756914 
321.592424 210.180263 351.037117 220.512734 4.780148 0.125000 35.562818 
525.076180 123.077353 524.861042 136.843526 6.210172 0.125000 16.918019 
572.058462 138.209312 572.864407 124.506715 5.431740 0.125000 14.961706 
708.733029 285.640376 709.239263 265.621567 1.723598 0.125000 8.975097 
531.801032 61.112950 552.972891 59.057909 4.614321 0.125000 6.720003 
345.909731 122.843149 333.602589 120.555575 6.373183 0.125000 2.863300 
271.078061 115.764838 272.301456 100.865290 5.596986 0.125000 20.088755 
359.809793 160.404113 358.455493 180.730306 8.315137 0.125000 29.570793 
524.450175 136.222317 514.439011 135.069246 3.047481 0.125000 1.407338 
550.716737 165.550396 525.577604 163.809362 2.666752 0.125000 25.230716 
152.263103 124.295790 150.448704 115.405861 5.148973 0.125000 5.603553 
22.054893 138.304895 23.197011 129.226797 3.876703 0.125000 0.578388 
318.149190 452.752952 270.606356 449.661750 3.498790 0.125000 25.540971 
339.354448 197.348577 319.337899 196.479923 2.443454 0.125000 4.853199 
0.493734 175.980003 9.591805 176.724092 4.983361 0.125000 10.003974 
84.905054 101.919472 86.250176 85.887205 6.027584 0.125000 16.763500 
583.129254 140.141950 571.891134 140.042979 3.826910 0.125000 4.768082 
81.939654 119.900121 106.869546 116.830704 3.397758 0.125000 13.969282 
286.759187 202.416471 311.943844 207.803130 2.967595 0.125000 18.369331 
452.383436 175.360580 461.001392 178.253885 3.961358 0.062500 2.199009 
461.289454 168.086539 462.689979 146.764321 3.578080 0.125000 15.147204 
702.481821 130.414202 700.404339 149.072065 6.764924 0.125000 14.855235 
19.946400 95.939191 21.490837 80.841441 6.316210 0.125000 16.968297 
370.081783 101.839967 368.064408 133.121092 2.373675 0.125000 24.097939 
465.929513 116.724639 464.901178 131.739820 6.320802 0.125000 21.165399 
155.561150 121.246358 189.357106 122.399460 3.534696 0.125000 29.899629 
444.023807 229.379424 443.929143 221.864870 3.781095 0.125000 3.556557 
98.946049 86.789397 98.470459 103.062031 6.429919 0.125000 26.353432 
429.891827 202.933229 432.275325 178.284585 4.856473 0.125000 17.896472 
204.267371 130.587795 222.990985 129.022226 3.945269 0.125000 13.381932 
263.033978 443.939063 314.341363 449.675835 4.699071 0.125000 44.836229 
431.573719 178.119012 431.946241 159.376416 2.698224 0.125000 1.894504 
98.629479 103.304891 86.849250 100.743426 5.948199 0.125000 8.959192 
439.714303 280.647040 441.099350 259.324616 3.142949 0.125000 12.462274 
709.430772 72.043880 679.329878 73.227058 3.943490 0.125000 43.507228 
404.474203 128.622421 393.092427 127.122109 5.283835 0.125000 8.419552 
285.234216 101.768079 284.179766 117.949366 5.720970 0.125000 19.515696 
582.881829 128.011283 582.110226 138.142914 3.454405 0.125000 3.172405 
296.779500 160.599040 293.673782 172.024176 2.962902 0.125000 6.265827 
476.205784 185.568880 475.364312 195.603139 2.909088 0.062500 0.583844 
165.775623 418.137454 171.669360 346.857997 3.830558 0.125000 56.008707 
64.312204 164.434495 64.752728 155.643929 2.621993 0.031250 1.736298 
443.907307 221.742224 444.675703 211.801621 4.027855 0.125000 3.032450 
283.149849 117.770639 269.403146 117.557727 6.307324 0.125000 6.501294 
631.710195 246.017244 618.853786 240.615518 2.973042 0.125000 8.072007 
586.768492 237.769924 596.922206 238.978358 3.533136 0.125000 1.319033 
709.400674 178.929480 693.060869 177.987855 3.599958 0.125000 0.956017 
269.636351 245.718193 270.576720 230.467867 5.452111 0.125000 6.937712 
362.526098 183.178642 363.974997 165.592045 1.773110 0.125000 4.056312 
423.071052 206.803740 401.742798 222.950373 5.011197 0.125000 15.792671 
104.375196 424.427048 73.125637 424.544447 1.325127 0.125000 6.712646 
452.943612 71.217596 462.356585 68.620406 3.282451 0.062500 2.987179 
652.925020 256.131692 638.239240 250.335549 3.977996 0.125000 3.704280 
539.442217 233.660069 585.752944 238.014169 3.690958 0.125000 49.311234 
554.319686 186.687183 583.121767 188.187074 3.809932 0.125000 33.709899 
344.086922 435.699288 350.169673 356.936372 2.578926 0.125000 59.776079 
173.085005 74.890263 613.150358 109.048313 3.817837 0.125000 513.077556 
133.146624 111.997439 118.172170 114.642085 2.244501 0.125000 2.166906 
231.916959 149.769508 215.583633 148.968413 4.296610 0.125000 3.216303 
365.684309 180.762597 363.851646 198.201364 5.431902 0.125000 13.507437 
671.917995 56.369309 705.555753 54.426222 4.054559 0.125000 42.156703 
50.447440 217.154029 65.329867 226.624462 4.985332 0.125000 7.684316 
231.849758 201.682000 240.934810 200.493770 2.329651 0.062500 3.556557 
248.400710 234.378741 248.587687 220.597359 3.749655 0.125000 0.364872 
430.569207 80.215278 453.328054 77.116159 3.826407 0.125000 12.234020 
189.379340 229.322932 158.138011 226.718899 3.114060 0.125000 11.740954 
94.633321 193.126498 94.642512 206.874821 6.253341 0.125000 2.115409 
223.296526 113.008926 209.442170 112.100547 6.073044 0.125000 9.390575 
14.455528 126.901847 14.913752 146.862632 2.728843 0.125000 2.734610 
469.638856 248.367365 461.275397 257.472423 3.382392 0.125000 3.079846 
605.642904 53.112294 611.447351 61.291404 3.913096 0.125000 1.409405 
642.019765 64.916578 668.078493 57.951015 3.300012 0.125000 8.434198 
690.608027 40.547563 703.057876 37.818755 4.198297 0.125000 2.734610 
429.252338 236.862529 431.667803 213.103935 3.477905 0.125000 6.640022 
441.472785 258.106055 442.711994 231.796670 5.302094 0.125000 19.453901 
579.287110 221.836662 591.902077 222.751713 2.764750 0.125000 7.168917 
451.919556 86.594800 440.559272 84.788341 3.310864 0.125000 0.473540 
620.747703 97.537391 631.080222 99.695007 4.181843 0.125000 1.550584 
0.497365 61.000002 173.013059 74.550192 3.712216 0.125000 212.755654 
312.342752 175.569337 313.942028 153.094191 2.138805 0.125000 12.931239 
366.958361 442.184275 346.784473 440.396589 3.956033 0.125000 13.164769 
614.270904 108.531930 709.444975 114.511189 3.337788 0.125000 119.279490 
223.527377 209.366946 223.426553 235.626158 3.740374 0.125000 7.370215 
599.365707 275.497636 644.383317 275.870291 4.101673 0.125000 64.556504 
73.924589 238.092316 72.828717 253.194207 3.921103 0.062500 0.467828 
191.078122 175.632830 190.689068 198.147707 4.008600 0.125000 14.163450 
0.641898 406.646387 29.419463 408.773447 3.414608 0.125000 21.435788 
460.644117 205.331026 436.832241 203.782514 2.900318 0.125000 21.847619 
78.104070 153.357604 59.281517 151.663894 2.614648 0.125000 8.156700 
102.920499 256.688585 107.048427 196.800794 4.514724 0.125000 49.128672 
281.236316 152.639162 293.866187 147.992129 5.987352 0.125000 3.582739 
583.094929 169.692380 558.082600 167.322495 2.187689 0.125000 10.746099 
409.384022 445.410563 384.323201 444.356165 3.326321 0.125000 15.271307 
659.848677 373.165269 656.867619 408.230640 5.062791 0.125000 33.834090 
76.800443 166.870886 77.423143 155.586271 2.840561 0.125000 6.265827 
93.369635 211.787833 88.994997 199.510401 3.112901 0.125000 3.869385 
346.906946 437.537212 369.408417 438.760144 3.106841 0.125000 16.667123 
454.466609 151.310150 440.688619 150.614669 4.186350 0.125000 10.720763 
465.515897 153.124284 465.474815 159.382220 3.149536 0.125000 0.847287 
397.295534 291.847726 397.745062 319.381203 6.310384 0.125000 23.246268 
519.431709 257.639362 536.984296 259.689029 5.047970 0.125000 12.234020 
14.289043 155.613450 12.264918 170.677393 2.311267 0.125000 3.899550 
26.968823 112.348235 36.825026 113.538737 5.563498 0.125000 4.344836 
270.373340 230.732701 270.919595 219.329234 2.914372 0.125000 0.732379 
645.806361 275.174936 653.196145 257.628518 3.456004 0.125000 14.988881 
707.981854 365.615227 703.031777 438.118635 2.439112 0.125000 64.335900 
399.290666 285.181448 436.902223 289.114682 2.819592 0.125000 27.815246 
118.142324 435.335881 76.890638 432.864028 2.794594 0.125000 34.523618 
171.923883 403.137188 167.523538 420.786692 4.549098 0.125000 6.194532 
276.901896 452.772584 310.551304 455.340645 2.682993 0.125000 15.766976 
405.547932 136.626352 465.672812 141.253772 3.453145 0.125000 57.760249 
566.180538 434.430718 565.175119 444.455249 2.737008 0.125000 1.750377 
701.102202 328.044132 701.691646 340.633585 6.360084 0.125000 2.818547 
499.055029 255.905098 519.219521 258.225897 9.264309 0.125000 36.659254 
492.991873 234.019838 475.182799 240.695273 2.342512 0.125000 6.509017 
484.333874 254.951802 498.191675 255.939858 6.234174 0.125000 23.478508 
210.585567 447.508195 241.869927 449.456464 4.364306 0.125000 33.454907 
654.800930 245.952520 671.049790 253.454988 2.880614 0.125000 4.168673 
350.210897 316.326468 357.519687 307.617033 7.044190 0.125000 0.386177 
445.521317 446.191116 479.283506 452.374565 3.585039 0.125000 19.428892 
536.141019 251.592928 531.595656 243.277698 3.787747 0.125000 3.032450 
324.413558 391.210617 343.164572 389.976016 3.069470 0.125000 16.494113 
351.869071 449.302838 369.353738 447.866224 5.085568 0.125000 6.501294 
458.183353 160.923165 435.691255 159.544266 2.342338 0.125000 6.519663 
529.495108 234.888390 517.997112 237.578357 2.719020 0.125000 0.441071 
703.210005 438.048698 700.748384 475.633081 2.331266 0.125000 18.693015 
80.133979 214.335533 81.339914 199.331992 2.792407 0.125000 0.118756 
285.486316 437.972059 305.638328 440.519571 2.637031 0.125000 13.512929 
51.878119 434.242000 34.358439 433.831085 3.866209 0.125000 2.752878 
76.735362 429.033346 108.181980 426.274487 4.828099 0.125000 21.841389 
356.909659 187.771457 336.978667 185.817543 3.878525 0.125000 7.319333 
320.629878 464.115517 340.622812 464.491394 2.203508 0.062500 8.373037 
378.121204 455.000335 400.635550 455.136999 2.499954 0.125000 6.782058 
75.639501 435.441278 113.201480 438.406039 2.623114 0.125000 9.637132 
67.800080 235.596630 65.920842 257.119119 5.089779 0.125000 19.999885 
348.015014 353.116134 345.996539 378.154951 3.135225 0.125000 16.724313 
436.918064 286.415785 401.874579 283.129488 2.022239 0.125000 22.065809 
548.145796 177.887938 533.042712 176.563026 4.718779 0.125000 7.060509 
619.344799 148.476624 643.134029 150.519881 3.132641 0.125000 15.829718 
73.000923 372.428623 80.486967 340.301569 6.205175 0.125000 57.457035 
165.637404 519.255387 185.681112 521.333889 2.228802 0.125000 5.579464 
564.850363 455.564118 563.272768 475.636614 2.786139 0.125000 7.460636 
704.488175 346.882902 706.324184 320.586542 3.190432 0.125000 21.771420 
371.866366 448.494246 404.378772 448.667601 3.769941 0.125000 12.194491 
56.802125 107.928507 85.673378 109.925636 2.878452 0.125000 20.982169 
426.821336 459.521716 373.150566 457.459589 2.496866 0.125000 28.148026 
598.047111 238.706613 613.111737 240.724041 2.975629 0.125000 4.023495 
483.484622 274.072324 465.226951 269.843582 7.678186 0.125000 22.313273 
380.305169 247.331829 364.114740 235.996741 2.867615 0.125000 9.847996 
642.237224 30.549335 641.593598 38.101016 2.915577 0.062500 2.378660 
700.813685 436.887215 702.596979 409.340817 2.010258 0.125000 12.412894 
702.262458 408.167293 704.449315 388.133112 3.185298 0.125000 2.005317 
134.312633 399.370666 136.485970 368.097964 2.147339 0.125000 21.445164 
269.379768 456.809507 290.608266 458.354867 1.881989 0.125000 3.032450 
650.617618 229.684518 664.389597 230.012985 2.678117 0.125000 6.265827 
106.674365 195.607496 107.775526 182.985460 3.187887 0.125000 2.243298 
267.782825 158.072795 267.995856 166.878124 6.248172 0.125000 3.975851 
268.117005 191.332623 288.128573 191.558708 2.697538 0.125000 6.448950 
371.893028 467.527006 404.363516 468.505930 2.611869 0.125000 18.473170 
26.918556 435.216277 46.957404 437.351737 2.353467 0.125000 3.196363 
229.435958 384.431802 201.879302 385.717235 3.396455 0.125000 7.126534 
341.947766 439.577546 324.358976 438.355670 2.580617 0.125000 10.263174 
624.338367 77.338663 606.876266 78.152173 1.596317 0.125000 3.556557 
39.717801 369.301341 41.448247 347.988858 3.737700 0.125000 18.404004 
81.502821 149.368117 81.757437 135.599710 5.091593 0.125000 2.623228 
316.864084 448.569412 331.916409 448.939137 3.215574 0.125000 0.578388 
251.849903 453.592366 221.869230 451.982461 2.563429 0.125000 10.560847 
470.613073 300.623869 466.350939 345.575310 3.904733 0.125000 39.344592 
191.949255 228.128195 192.703266 210.606851 3.531562 0.125000 7.599632 
129.510688 248.070099 127.167013 295.639387 3.358128 0.125000 41.393509 
383.099171 157.188545 394.375622 158.117454 1.964138 0.062500 1.202448 
604.738095 391.877959 604.671355 371.874011 3.779172 0.125000 15.147204 
45.455327 192.984087 36.718574 191.647496 4.273968 0.125000 0.578388 
512.527783 346.926226 515.475465 309.363265 3.640716 0.125000 44.704806 
433.705435 365.579531 438.798179 290.585829 4.357460 0.125000 75.602724 
130.545050 398.623774 118.053503 399.953205 3.596655 0.125000 1.550584 
436.862891 157.053455 459.344200 158.578917 3.064407 0.125000 2.752878 
26.670629 238.105646 25.251672 253.089647 2.842401 0.125000 4.723538 
59.100274 410.875417 40.515586 407.472566 4.138941 0.125000 0.723745 
572.400602 359.407223 570.172478 395.750526 3.996247 0.125000 22.595270 
216.918667 353.129044 214.716555 376.906632 2.950438 0.125000 8.959192 
491.361870 276.142989 483.775341 273.941122 3.756601 0.125000 2.653467 
50.657773 446.134301 70.575300 444.852643 2.976456 0.125000 6.634021 
66.453738 385.621325 66.344591 398.131278 2.587150 0.125000 4.459647 
351.908496 374.378042 346.341136 435.690028 3.394074 0.125000 41.546599 
29.352806 123.701264 46.895787 123.914457 6.249539 0.125000 22.160015 
504.330491 46.824799 520.650774 47.430233 3.008016 0.125000 7.296204 
13.115831 187.585551 0.601785 187.424074 3.878714 0.125000 3.189531 
186.237500 290.568592 191.324569 233.076296 3.922517 0.125000 57.450075 
376.626557 305.616573 377.857565 269.323531 3.959714 0.125000 34.756444 
702.702461 271.823731 702.503630 283.157956 10.064236 0.125000 5.302551 
94.518626 361.886260 101.479927 273.094026 3.860153 0.125000 84.614832 
110.635304 449.664320 128.157597 449.040254 2.898837 0.125000 5.966966 
699.140417 465.611290 700.163958 448.098055 1.685453 0.125000 4.459647 
340.631893 467.372841 318.122328 467.166567 2.602984 0.125000 9.034912 
304.335196 288.122052 306.927043 253.128855 2.169895 0.125000 21.034331 
561.440241 371.842649 559.668922 395.646871 2.359655 0.125000 4.765573 
79.478833 184.448568 74.269843 191.800494 2.762530 0.125000 0.847287 
634.212257 389.286135 635.387026 370.610031 3.978021 0.125000 20.168106 
394.243475 379.385205 394.357720 366.863438 2.602533 0.125000 3.899550 
306.896006 442.915649 284.371927 440.655623 2.117328 0.125000 4.853199 
455.592310 423.409328 465.603687 424.560376 2.340861 0.031250 0.347349 
620.546849 171.548326 640.614683 173.246892 2.280244 0.125000 11.684367 
343.158119 223.036325 300.944305 207.270067 3.527166 0.125000 29.449627 
113.006304 426.867037 131.824654 425.091419 3.850841 0.125000 1.816822 
124.671814 338.152835 121.269305 374.435422 3.228617 0.125000 29.081057 
0.608765 373.589606 15.634098 374.114634 1.729409 0.125000 5.362737 
57.969033 225.887903 31.970384 210.464218 2.860457 0.125000 24.333432 
139.342311 438.353426 159.361811 437.712832 2.738587 0.125000 3.440799 
38.320822 408.152903 39.941721 396.777637 3.180341 0.125000 1.319033 
61.613016 365.734124 63.431358 349.270777 3.033791 0.125000 1.127472 
275.632471 454.300762 254.346460 452.158590 1.994706 0.125000 2.371990 
374.410387 452.368418 355.577956 453.719039 3.387772 0.125000 15.953649 
378.468025 269.518693 380.399592 248.104668 3.173360 0.125000 9.391876 
428.107163 453.298071 411.900484 451.627741 1.627868 0.125000 0.847287 
153.118973 435.714121 139.347423 434.782760 1.753215 0.125000 0.847287 
158.074242 232.406556 189.396721 235.397533 2.313735 0.125000 18.377012 
391.379791 416.940200 393.336754 394.285315 3.628511 0.125000 7.684316 
406.895679 449.135663 425.613946 450.752934 1.865721 0.125000 1.407338 
149.624116 442.255849 161.837339 445.756397 2.571631 0.125000 2.289385 
346.842276 443.448947 359.466001 444.724139 2.236082 0.125000 2.653467 
466.878359 442.410087 441.873038 442.292585 1.349841 0.125000 0.441071 
641.895707 471.600142 666.941894 473.487091 2.586843 0.125000 9.241692 
45.111413 350.567789 43.430334 365.659013 1.785012 0.125000 1.407338 
309.325022 254.371489 307.040536 286.886630 2.123006 0.125000 17.521533 
573.528227 411.891611 575.434493 365.617152 3.423979 0.125000 26.177814 
410.696338 439.914672 428.270161 441.679599 2.981781 0.125000 0.082847 
67.092796 268.031062 68.621877 291.923199 9.530494 0.125000 32.099516 
279.464887 396.505856 265.604110 397.920285 2.233289 0.125000 0.441071 
505.628586 459.319413 524.381183 460.529150 1.507584 0.125000 0.526362 
535.379794 284.715557 498.373884 279.010588 6.938847 0.125000 60.569042 
484.372229 430.643107 470.563005 428.530168 1.991865 0.125000 0.526362 
94.342160 442.410742 79.398312 441.494705 2.189397 0.062500 1.180738 
480.733333 455.455441 469.471223 456.584661 2.736944 0.125000 2.289385 
566.651358 420.619364 566.335730 433.142912 2.750757 0.125000 1.303060 
500.305583 410.615289 499.736078 429.347975 3.558345 0.125000 6.150199 
28.161477 401.381553 5.653533 402.466776 5.114596 0.125000 31.230014 
601.382733 375.595064 599.858809 400.654422 2.874768 0.125000 11.847040 
262.056981 230.477480 263.471733 244.210507 4.370732 0.125000 7.599632 
415.250718 403.089070 418.840565 365.693692 4.280269 0.125000 53.179383 
421.019205 356.903847 422.852249 331.855040 2.675792 0.125000 25.230716 
450.793265 378.126513 450.916988 364.366386 2.589810 0.125000 0.473540 
228.084655 424.989702 201.865558 423.268866 2.494633 0.125000 5.251525 
490.733137 443.148672 490.524840 433.101162 3.253736 0.125000 0.732379 
66.921927 415.168849 84.365903 416.963426 1.719351 0.125000 0.526362 
135.944410 366.794674 138.202737 340.631710 3.091123 0.125000 12.362342 
30.861134 210.099842 0.763627 196.566696 2.739382 0.125000 11.193246 
157.192511 235.595359 158.602326 250.697132 5.094541 0.125000 6.347815 
228.109663 432.434073 241.883588 432.811930 1.592311 0.062500 0.723558 
394.394309 359.009659 381.863248 358.347355 2.496516 0.125000 0.441071 
590.680061 284.441206 600.403003 276.355045 5.281044 0.062500 1.449736 
203.115330 421.046875 230.629526 421.677549 1.851210 0.125000 14.129091 
393.690694 228.187232 394.535799 220.505177 3.512577 0.125000 0.526362 
537.910299 369.357068 536.130470 390.667217 2.803440 0.125000 9.120298 
624.351152 462.341737 644.362776 463.364239 1.758660 0.125000 6.265827 
362.474537 249.182909 367.298594 264.239281 6.714762 0.125000 8.413481 
228.135123 176.780058 210.700064 174.921009 3.993928 0.125000 9.565575 
682.790768 376.855212 681.970809 390.704679 2.495630 0.125000 3.032450 
494.302146 474.484493 510.639202 475.359984 2.362637 0.125000 1.550584 
26.920430 251.112524 41.941582 252.007519 2.867304 0.125000 8.486810 
190.633576 215.028470 178.118192 214.848538 2.661465 0.125000 1.407338 
690.543602 289.874617 681.761348 290.827272 2.485420 0.062500 0.028154 
360.813306 215.023580 343.093539 209.475480 2.831689 0.125000 4.344836 
433.048729 159.372996 433.410641 145.599660 3.880042 0.062500 0.465776 
170.663833 458.252967 185.440990 453.768635 2.124041 0.062500 2.987179 
230.490672 237.043480 233.683877 215.898163 5.761101 0.125000 23.602356 
0.656933 369.008533 18.133158 370.531385 1.948003 0.125000 3.172405 
360.324445 233.645787 350.117149 227.754978 2.623111 0.125000 1.407338 
54.081527 284.352793 58.436206 226.803962 3.058775 0.125000 61.654027 
304.633200 253.149719 302.961660 270.609362 1.720819 0.125000 2.653467 
483.257805 486.673165 470.643552 488.271418 2.339937 0.125000 1.750377 
471.845265 254.455611 483.229248 254.710007 8.775743 0.125000 8.809070 
370.126623 268.353705 374.031530 255.520488 4.783458 0.125000 4.476137 
471.701984 328.116231 473.158667 299.376706 2.560071 0.125000 7.839194 
476.880574 448.083977 455.682246 445.203685 2.248392 0.125000 1.728606 
183.133644 428.018070 170.614410 427.006003 1.950993 0.125000 0.847287 
240.123885 226.751981 238.888234 244.340804 3.390384 0.125000 18.277516 
350.661923 461.549426 368.219624 463.540644 2.202357 0.125000 2.166906 
173.090780 77.313775 0.567764 63.858905 1.714904 0.125000 80.343995 
364.406029 375.628010 365.270222 366.719327 3.249717 0.125000 2.653467 
685.995146 361.466907 668.147875 359.195281 6.199980 0.125000 10.174934 
528.085316 410.189631 508.071916 409.214685 2.192933 0.125000 1.409405 
208.152607 436.372160 231.899655 437.675927 2.975913 0.125000 2.623228 
261.925259 387.581415 300.690590 391.165599 3.273744 0.125000 17.516096 
299.386456 461.754095 273.252631 459.277952 2.659319 0.125000 1.162722 
66.327581 262.895992 63.988883 268.486398 4.906721 0.125000 0.526362 
68.179949 451.095517 86.837232 452.410752 2.230111 0.125000 6.712646 
300.365931 270.597228 302.248983 253.031093 3.018694 0.125000 3.189531 
323.130148 252.284135 325.646168 236.878457 4.128712 0.125000 0.841071 
103.146843 439.057566 85.643706 437.853154 1.504484 0.062500 2.378660 
270.625146 464.375897 286.851726 461.732152 2.266457 0.125000 2.166906 
143.976166 131.325255 151.911198 132.947998 3.673961 0.125000 0.526362 
162.906479 430.518258 144.356344 426.972604 3.448645 0.125000 3.704280 
409.301845 394.369380 409.391418 413.124922 3.815623 0.125000 17.521533 
219.375385 430.618141 201.860380 429.635633 1.806148 0.125000 4.459647 
416.690521 467.704087 432.042964 471.120135 3.797799 0.125000 4.219588 
41.850223 370.961116 20.531779 369.389584 2.716968 0.125000 0.211701 
43.791110 250.627638 43.771332 236.875868 3.757187 0.062500 4.590220 
91.953372 378.530991 80.409641 380.759374 5.383214 0.125000 1.262206 
526.885758 483.053927 546.992697 486.097433 2.545457 0.125000 2.162003 
71.406530 325.570882 75.873387 286.903694 3.007992 0.125000 22.589145 
16.801969 374.912879 31.772709 373.377568 4.718865 0.125000 3.360196 
539.327857 394.467079 540.681535 376.783640 3.262015 0.125000 1.705070 
140.545448 419.915689 159.258193 422.668904 2.473372 0.125000 0.345306 
208.073955 456.153643 230.844446 458.352349 5.217133 0.125000 20.198145 
253.242270 216.880506 252.244007 238.142325 1.834866 0.125000 8.486810 
316.494582 258.091586 314.841130 276.915943 2.599785 0.125000 7.296204 
411.655961 361.860110 409.777880 389.487362 4.734152 0.125000 19.597002 
131.005692 306.250827 136.235107 319.913015 5.837020 0.125000 12.568159 
488.205048 346.882357 490.048769 326.822039 2.718315 0.125000 6.634021 
241.856031 435.881756 229.423890 434.963261 2.309005 0.031250 3.772920 
371.943820 78.305526 405.634747 80.473531 2.210675 0.125000 10.764109 
624.371375 453.169465 649.408775 455.210726 2.058455 0.062500 0.140308 
117.505236 344.322393 115.380481 369.354245 2.279597 0.125000 10.701616 
171.903425 422.814621 183.173379 423.846736 2.261583 0.125000 0.847287 
234.149057 213.321098 233.104823 205.461602 5.285708 0.125000 1.550584 
419.809421 365.650604 419.493338 355.582044 5.115204 0.125000 0.364872 
338.124624 396.838562 325.625953 396.967434 3.827128 0.125000 3.196363 
138.123704 450.570755 158.142144 450.092320 2.887545 0.125000 11.611564 
458.080512 99.915750 374.382833 93.029795 1.758258 0.125000 42.302010 
366.410242 264.055552 364.750999 272.962180 5.144360 0.125000 5.603553 
67.967539 281.862678 69.239048 265.614361 1.928833 0.125000 4.459647 
205.815904 240.626781 205.734151 249.387683 2.558211 0.062500 1.202448 
287.215133 269.403274 284.411719 303.128052 2.284306 0.125000 18.369331 
293.867666 259.363512 293.612418 270.636037 1.504352 0.125000 2.653467 
181.952773 432.495898 169.336527 430.936208 2.327748 0.125000 3.556557 
525.638624 291.363658 514.363324 291.063237 1.549197 0.125000 0.847287 
128.674285 293.204697 130.093798 305.685417 3.867238 0.125000 3.352255 
251.928494 465.182154 234.422543 466.342363 2.081215 0.125000 0.473540 
90.776781 278.144856 88.644615 294.442977 2.154584 0.125000 3.032450 
246.979394 437.032589 248.320981 425.502361 3.388806 0.125000 1.550584 
295.766315 249.235910 284.332818 249.920274 6.686952 0.125000 4.407923 
514.386198 287.949441 531.894696 289.066202 1.804443 0.125000 0.441071 
600.850731 297.892639 593.243780 290.502732 4.406164 0.125000 2.538828 
35.296328 394.279425 34.533193 406.884577 4.990862 0.125000 5.251525 
403.129201 481.833819 381.845643 479.662802 3.248178 0.125000 7.954857 
624.950596 344.330627 626.429995 321.845721 2.987005 0.125000 6.576073 
218.111039 466.773290 201.824734 469.008795 2.306792 0.125000 5.826494 
444.284703 405.695469 445.202012 390.599297 2.419582 0.125000 5.826494 
35.646344 257.863844 54.373414 259.394410 1.856785 0.125000 4.459647 
410.739026 335.623207 411.132426 360.636679 5.117324 0.125000 15.165198 
690.929181 403.132000 690.762525 380.614731 3.907170 0.125000 14.964224 
378.248069 481.212754 396.821234 484.664318 2.229533 0.125000 2.243298 
414.374700 420.624984 415.282098 403.172161 3.290630 0.125000 0.364872 
410.776855 462.721394 424.455085 461.730594 4.372362 0.125000 0.956017 
87.054044 315.481221 84.185287 336.849530 4.955541 0.125000 9.131603 
218.183969 415.931978 203.164534 414.992779 2.885191 0.125000 11.684367 
324.274466 380.741703 326.322564 360.568912 3.225778 0.125000 20.561753 
643.235900 452.124143 626.772514 450.299918 2.760120 0.125000 8.156700 
90.730415 331.889167 93.602024 310.521121 3.070235 0.125000 13.301940 
278.203925 402.783186 261.860099 404.203532 2.274168 0.125000 2.166967 
451.951046 144.943289 441.798503 143.810756 3.177489 0.125000 2.166906 
92.128876 289.399582 94.070676 269.345533 2.126946 0.125000 4.023495 
446.817689 437.336348 466.666664 439.802087 3.559608 0.125000 1.162722 
501.904895 514.049623 518.132755 515.540599 1.864514 0.125000 1.750377 
139.388449 76.711137 161.839805 78.553816 1.450309 0.125000 2.653467 
181.111897 326.922087 177.484170 364.433912 3.612261 0.125000 30.742416 
295.601551 298.121699 298.805011 275.368758 5.840414 0.125000 17.675156 
473.048895 283.680050 493.184520 286.440904 3.106240 0.125000 2.458583 
526.888143 466.859082 548.122422 466.632932 2.646290 0.125000 5.966966 
563.081106 498.785843 591.870149 500.698040 3.493224 0.125000 6.279978 
220.574918 454.725258 205.525145 452.573359 1.767100 0.062500 3.556557 
419.365730 478.309072 436.884250 479.191326 2.811195 0.125000 3.918851 
165.611704 346.365149 148.123597 346.821196 2.629494 0.125000 0.118756 
365.598667 92.236736 251.905189 83.960294 1.495097 0.125000 68.987990 
85.744994 293.144693 90.038381 266.983871 2.669434 0.125000 5.019921 
219.406836 528.752339 259.366285 530.795456 3.042991 0.125000 18.930664 
663.133983 495.711784 650.382440 497.031755 2.112480 0.062500 1.475471 
669.390746 512.813000 654.365929 512.054731 1.752447 0.125000 0.526362 
79.969815 273.028871 83.805848 296.764967 3.066260 0.125000 4.101339 
253.118166 386.981110 230.550763 385.527689 3.057197 0.125000 1.488142 
360.575688 313.679792 374.415397 304.435479 6.934987 0.125000 11.217949 
157.789835 251.559182 154.053664 270.311938 3.169843 0.125000 0.956017 
612.275990 299.817619 601.468396 297.711183 5.864173 0.125000 18.568994 
688.049529 309.410587 695.682343 325.597961 4.053716 0.125000 5.783036 
279.334414 281.872712 278.065810 304.371663 2.425666 0.125000 9.847996 
649.077448 326.011682 644.227019 306.599642 4.850864 0.125000 24.399352 
648.133362 171.759533 671.849506 173.477034 1.250000 0.125000 0.526362 
279.445135 426.140946 264.344127 424.698127 2.250888 0.125000 3.032450 
456.887651 432.858012 446.850956 432.382423 1.662753 0.062500 0.028154 
524.035545 404.202411 509.315275 399.564565 2.200420 0.125000 0.441071 
538.129542 486.945037 514.317556 488.489158 3.580364 0.125000 1.769578 
390.648796 96.532031 416.859346 98.350612 1.250000 0.125000 4.459647 
469.375773 482.861018 491.875580 482.926900 3.779265 0.125000 4.629048 
541.877783 449.007130 519.379071 448.836903 2.566130 0.125000 5.809722 
289.043717 304.361504 290.009657 280.650855 2.396166 0.125000 5.154504 
501.879507 521.723253 454.347186 520.311442 3.241124 0.125000 24.501631 
44.400031 129.013326 24.323175 127.623807 1.851159 0.125000 3.869385 
165.617082 63.251256 188.107025 64.661635 1.560492 0.125000 2.166906 
514.333862 454.722200 529.126199 456.474862 4.312259 0.125000 5.001854 
286.939380 72.609022 306.939937 75.104562 1.861696 0.125000 0.578388 
324.241671 301.870921 323.783181 316.856894 2.766408 0.125000 8.072007 
491.907834 285.327344 501.923846 286.432187 3.307248 0.125000 0.441071 
584.569574 460.641485 566.917271 457.857021 2.664233 0.062500 0.178190 
75.712660 285.627797 76.230582 269.394321 1.568248 0.125000 0.847287 
65.401118 291.499793 52.882908 298.969275 8.362099 0.125000 20.198145 
201.043797 256.954670 202.284267 289.359333 4.852893 0.125000 33.952988 
418.208427 504.636895 456.893732 507.903141 2.402381 0.125000 16.763500 
389.426566 151.105097 373.082442 150.010421 1.659073 0.125000 0.847287 
592.950335 289.022242 576.824756 285.883101 3.409343 0.125000 2.162003 
151.830270 507.220095 175.665884 510.309580 2.203688 0.125000 9.847996 
278.283992 256.716148 276.423912 269.491323 5.151691 0.125000 2.311661 
213.127928 475.252223 229.376925 475.379831 2.558821 0.062500 6.096795 
271.372843 265.610435 271.507912 249.361558 5.010218 0.125000 6.640022 
309.399876 397.611255 296.868731 397.004476 2.859812 0.125000 3.172405 
20.551957 366.664435 9.444646 365.883907 4.900077 0.125000 3.747552 
150.655369 465.140325 136.881124 464.277260 1.638399 0.125000 0.847287 
188.122068 520.229286 239.378516 519.849503 2.657378 0.125000 44.911687 
309.408399 90.155815 353.114889 93.267041 1.250000 0.125000 18.005996 
438.143117 512.478429 456.876231 511.915998 1.549535 0.062500 0.723558 
230.592079 248.302572 215.418385 245.489467 4.916226 0.125000 5.783036 
406.894254 507.964407 371.946985 503.774576 1.687503 0.125000 10.720763 
394.393465 310.646974 388.883210 315.277298 5.436268 0.125000 5.637937 
415.241849 314.356485 414.696563 325.640539 1.670882 0.125000 0.847287 
231.877694 440.591192 218.115459 439.494755 1.841689 0.125000 0.847287 
111.826788 259.374353 112.162419 234.378859 1.417718 0.125000 4.459647 
275.641697 391.579046 255.634856 390.450311 1.740884 0.125000 4.056312 
413.056550 513.690755 400.587834 512.182183 1.581056 0.062500 0.028154 
39.402389 68.991340 84.351785 72.200196 1.336541 0.125000 18.277516 
579.540689 292.262667 567.996356 290.044531 3.446777 0.125000 2.243298 
86.898218 72.777255 114.359262 74.610723 1.250000 0.125000 5.362737 
12.260678 302.532478 24.288232 295.477084 3.055278 0.125000 1.550584 
436.872650 516.886138 416.967521 512.686477 2.378978 0.125000 3.352255 
498.141985 326.876221 499.399885 309.376789 1.874135 0.125000 3.172405 
389.348481 502.017217 410.560203 505.972497 1.833072 0.125000 6.712646 
105.604418 495.933898 124.354464 497.183205 2.201880 0.125000 0.732379 
69.316353 492.688038 95.609877 494.584660 1.966218 0.125000 9.128781 
235.627230 509.280347 253.117523 509.692376 1.337970 0.062500 2.352437 
