343.647024 313.011039 346.189826 296.767740 4.671510 0.125000 3.417499 
44.732651 361.490256 53.789901 369.909733 3.597650 0.125000 2.626729 
518.164915 346.744344 507.970707 343.630059 3.221171 0.125000 2.602771 
506.727601 351.145089 516.967873 354.047302 2.405267 0.062500 1.809026 
315.555210 317.036741 338.202557 315.584377 4.429767 0.125000 30.632250 
344.511286 298.522467 297.220681 290.962598 7.552875 0.125000 77.242893 
831.719352 444.360514 828.100929 483.239097 4.081374 0.125000 28.643942 
4.295882 370.150202 28.179824 372.587833 2.613998 0.125000 3.134646 
832.084818 473.142186 834.542317 443.138704 4.451779 0.125000 18.283014 
296.850669 300.623406 295.866707 315.640837 3.066736 0.125000 3.349217 
114.425399 383.130838 115.315813 375.444381 3.293567 0.125000 0.277653 
309.069367 293.762899 299.566228 298.507979 6.705454 0.125000 10.616000 
832.966444 486.956330 832.238786 474.353995 2.495843 0.125000 0.733426 
231.911774 360.630357 225.515640 404.541148 3.243170 0.125000 39.443027 
847.852183 446.849284 844.538017 482.008195 2.560369 0.125000 34.170255 
29.773085 266.720873 22.488403 306.985976 3.783093 0.125000 32.816474 
505.144561 286.524788 559.089929 312.467771 4.746724 0.125000 71.227983 
710.573193 363.211252 723.621357 371.048634 4.714162 0.125000 7.027448 
581.961157 325.196444 595.901624 327.999040 4.162807 0.125000 7.029999 
294.253932 320.312324 344.386288 326.787610 4.080649 0.125000 89.243433 
837.940628 383.106183 831.802911 443.245216 2.233252 0.125000 43.283749 
160.320284 380.777301 158.914556 389.502211 3.263497 0.031250 3.965654 
487.315200 361.917156 488.524117 349.293514 3.203589 0.125000 5.939384 
229.140822 530.119091 321.830468 541.004202 5.045449 0.125000 117.551176 
506.187334 353.163556 505.334301 365.605069 3.092669 0.125000 5.068303 
179.219409 383.307825 178.000525 390.604206 2.039680 0.007812 0.135644 
787.432334 428.180248 796.843117 333.245751 4.246602 0.125000 83.668564 
477.323732 346.917165 476.264947 358.185132 3.424557 0.125000 9.308553 
725.633534 347.079558 710.607538 347.706429 3.850948 0.125000 9.307370 
106.267119 381.819016 106.962555 374.267942 4.192744 0.031250 2.845369 
515.057650 368.201250 516.191663 358.048673 3.317100 0.125000 6.599283 
334.377665 550.689171 449.386926 545.912127 5.414608 0.125000 156.435067 
953.754522 464.339910 952.478165 486.909111 2.213697 0.125000 7.575565 
955.724047 443.131915 954.328470 463.121752 2.406874 0.125000 9.693541 
173.466566 428.939926 185.450046 438.347850 3.087552 0.125000 5.879317 
799.370051 335.528292 795.119786 390.682394 3.640628 0.125000 70.405709 
425.414134 354.273605 454.114751 359.542596 4.014979 0.125000 39.277026 
111.716291 373.248030 110.726527 382.027368 3.586358 0.062500 0.611105 
286.222751 376.953463 293.446984 321.917265 4.206156 0.125000 67.922205 
280.563635 283.560679 349.357355 293.250277 3.835517 0.125000 78.276079 
328.053440 410.622133 328.411485 401.686140 4.994989 0.125000 1.158972 
173.835286 381.949583 172.783061 391.970350 3.269558 0.031250 1.915256 
607.922602 332.824434 630.718987 337.684112 4.529987 0.125000 19.594369 
834.564056 443.034825 837.315532 410.662443 2.995497 0.125000 16.995078 
95.216557 370.736207 94.058681 379.498381 2.918151 0.062500 0.153924 
362.052719 343.259907 403.252320 349.826132 4.115995 0.125000 55.160647 
488.069563 348.328079 478.973697 345.845074 3.946813 0.125000 5.256860 
443.834980 256.526349 479.509800 277.900005 6.414903 0.125000 45.072619 
695.798459 361.711139 709.495651 363.391572 3.569879 0.125000 9.434341 
415.455821 315.130899 461.630950 325.465425 3.804695 0.125000 75.137285 
622.045040 303.217506 606.789990 331.258780 4.778815 0.125000 18.262524 
751.128279 463.245688 754.733638 448.211002 2.680545 0.125000 0.162746 
351.898952 272.962013 293.132249 264.325674 5.128614 0.125000 59.231630 
379.517731 307.411368 399.229239 311.353786 5.148050 0.125000 18.792786 
489.743782 439.415661 497.323024 370.674398 3.893038 0.125000 106.430755 
697.916052 335.600888 695.019718 360.699400 3.581980 0.125000 31.156882 
409.325341 315.753828 406.127993 345.544827 4.171101 0.125000 44.488685 
363.000261 303.716957 381.017249 307.513560 4.119322 0.125000 12.244544 
405.817555 388.298524 410.056779 353.056649 5.710642 0.125000 40.943979 
188.758490 432.020222 193.970933 409.282371 2.918441 0.125000 6.798057 
411.116236 345.829580 414.533209 316.746724 3.870243 0.125000 43.188310 
848.424576 465.653045 850.070364 448.073077 2.372604 0.125000 1.802356 
405.086652 351.660826 395.499858 431.710312 5.663120 0.125000 90.352052 
281.249461 416.947804 285.469324 380.752583 3.496447 0.125000 41.659195 
459.399867 326.877785 456.326871 354.313606 4.273237 0.125000 40.144475 
439.499873 529.432069 637.990667 510.468911 4.898389 0.125000 238.681489 
953.119099 414.479611 946.499955 493.198571 3.014896 0.125000 59.675340 
320.599663 246.444896 374.387506 247.103289 5.060824 0.125000 59.165137 
468.625862 356.929401 471.353294 331.818335 4.025943 0.125000 31.426085 
398.101090 254.909439 351.831854 252.839408 3.558987 0.125000 47.091154 
596.607792 328.378870 604.225259 316.776687 3.430215 0.125000 8.559147 
454.436457 355.306740 412.068054 347.125256 4.367590 0.125000 67.067823 
473.353522 329.851943 550.742166 352.728644 3.762203 0.125000 119.885762 
772.989269 428.345835 785.726853 429.521277 3.619270 0.125000 8.559147 
398.889378 311.444145 407.110047 313.373509 5.513446 0.031250 5.152412 
411.648984 351.612389 424.070402 354.455686 4.114600 0.125000 2.164976 
282.498787 297.939121 286.225650 310.446016 2.573768 0.125000 1.597273 
524.585993 370.649717 527.236845 348.020957 3.355643 0.125000 15.406814 
403.333834 345.738966 367.699727 339.188433 5.170773 0.125000 52.522868 
440.040206 371.561748 431.808730 386.928658 5.430778 0.125000 12.937804 
462.842559 309.252255 369.031189 285.747187 4.266767 0.125000 97.055354 
770.882543 417.433897 753.062348 410.793124 2.779119 0.125000 12.064926 
949.303003 494.293871 951.600377 456.858147 2.396152 0.125000 16.636926 
534.309226 394.429021 533.846017 383.146718 2.856835 0.125000 0.733426 
792.218934 420.540321 790.112685 443.077120 4.082677 0.125000 16.001997 
569.225063 386.286950 584.300986 389.701761 3.381213 0.125000 7.575565 
548.071527 375.619254 550.106240 356.684926 2.927185 0.125000 6.891002 
490.289938 275.769010 505.675850 281.744059 4.332774 0.125000 13.573482 
499.043327 369.602261 520.609451 374.444257 3.907538 0.125000 24.684705 
201.741265 243.524471 234.728837 254.568079 3.576605 0.125000 43.618954 
711.874530 334.346996 699.357082 334.557009 2.688370 0.125000 0.839772 
497.764459 365.735176 500.889946 340.502982 3.567896 0.125000 23.774673 
568.303415 358.747709 582.838633 362.881840 3.088558 0.125000 7.684880 
700.670143 308.129427 699.189392 323.229378 3.122129 0.125000 12.361605 
353.499115 253.014511 398.211673 265.309809 4.188124 0.125000 33.899013 
493.727515 369.308207 486.503537 439.336681 5.782469 0.125000 87.110837 
351.688188 281.818353 290.566280 272.250103 3.081596 0.125000 67.067823 
929.788980 461.806759 932.339451 430.560879 3.229099 0.125000 31.494047 
595.943841 347.222133 472.897529 303.769132 3.874071 0.125000 165.822054 
565.113743 386.818874 558.666543 445.547226 5.607512 0.125000 58.154890 
497.398279 340.679604 495.062256 363.066278 3.600017 0.125000 17.069858 
295.751552 269.829925 353.189101 278.972282 4.574782 0.125000 54.125491 
516.266444 441.952069 524.089493 376.840697 3.723223 0.125000 79.144358 
454.931147 361.793049 448.258486 418.288403 6.060239 0.125000 65.763842 
550.236877 353.188374 570.329196 359.125976 4.741257 0.125000 14.492625 
36.218369 256.943569 34.641912 241.847128 4.638503 0.125000 0.163162 
544.260738 381.724807 537.508592 443.057139 6.052867 0.125000 79.123182 
819.705490 426.783552 818.228312 441.636643 4.226413 0.125000 1.135437 
636.935930 284.420857 622.955169 302.997183 2.770029 0.125000 15.384015 
26.164267 313.054721 22.333352 351.796720 3.225888 0.125000 18.635074 
353.181456 436.232984 458.248366 445.472087 2.762810 0.125000 65.297635 
462.319205 408.180276 467.909754 363.253762 5.904613 0.125000 60.184091 
520.674570 375.493183 513.397118 441.767621 5.257579 0.125000 54.869210 
568.291144 360.640978 566.373931 380.576813 3.134481 0.125000 6.583671 
569.100577 380.733677 571.331863 360.703743 3.038195 0.125000 15.384015 
632.392315 335.684687 638.468665 283.020428 4.537228 0.125000 43.814957 
555.439347 321.103002 578.364959 330.007177 3.755688 0.125000 30.037703 
608.222924 316.912983 607.562902 296.893532 2.450286 0.062500 3.873999 
469.216510 362.559578 493.131650 368.096277 3.743416 0.125000 28.142215 
402.085864 417.073393 403.843230 404.133027 3.945248 0.125000 15.033242 
296.887425 381.774093 333.202502 386.245563 2.786779 0.125000 12.694222 
525.540926 376.004217 545.396364 380.406264 3.661102 0.125000 18.733047 
545.090342 399.472512 547.333455 383.017101 2.758033 0.125000 1.969195 
230.373490 308.094035 232.987959 286.858128 2.805452 0.125000 11.843260 
563.713458 425.692315 568.012313 388.112110 3.084122 0.125000 23.987787 
593.671015 388.181132 595.490477 370.482666 4.113831 0.125000 21.331688 
404.733689 396.916760 405.628618 389.229892 3.435736 0.125000 1.180743 
547.971001 381.304891 566.613926 385.527615 3.266646 0.125000 10.996469 
712.552084 341.002182 721.534447 335.106179 3.461835 0.125000 0.749400 
795.726020 330.401192 778.945336 322.826914 3.307205 0.125000 0.386384 
298.067127 314.899741 316.591796 316.942821 4.823649 0.125000 28.516642 
614.075040 310.405219 632.106998 285.794985 2.964716 0.125000 28.142215 
700.440417 325.031035 713.256528 321.048238 4.774753 0.125000 1.435684 
58.998181 337.072420 62.675893 320.806076 6.764039 0.125000 10.326923 
233.038927 258.329713 266.868335 255.544056 3.121852 0.125000 20.590419 
458.449060 438.184733 460.982439 424.440886 4.237384 0.125000 4.776696 
752.077821 317.112974 701.840940 307.044949 2.955111 0.125000 27.082598 
954.942028 483.152323 955.906427 463.138561 1.609533 0.125000 3.890013 
582.321074 362.935767 630.686639 377.926124 3.595967 0.125000 54.462577 
594.283591 392.276195 606.708207 395.107053 3.100924 0.125000 1.597333 
204.958106 368.196900 202.795143 385.738458 2.178976 0.031250 1.117204 
39.979500 261.275035 36.721082 270.571049 3.599711 0.125000 1.597273 
235.454460 254.302421 266.986095 250.236563 3.161374 0.125000 23.189927 
331.864554 383.233802 286.918814 378.918642 3.473791 0.125000 24.678100 
447.932064 419.206730 446.012161 435.670149 4.531977 0.125000 13.880831 
630.296585 396.977169 632.243479 379.415851 4.002635 0.125000 17.868457 
210.232282 331.997791 205.219415 366.995947 2.829207 0.125000 25.505704 
411.809179 248.669534 426.891009 250.492555 3.531950 0.125000 11.187280 
480.613731 276.224977 490.633674 276.413181 3.796288 0.125000 7.502373 
748.077147 423.119328 745.687348 443.280558 3.723930 0.125000 6.253256 
375.134279 245.570535 376.245880 235.555174 2.760523 0.062500 5.347037 
540.632040 443.252680 544.327473 406.870173 3.458629 0.125000 28.190300 
523.952176 349.330523 521.844022 369.371741 3.206355 0.125000 16.255038 
543.256705 376.342363 525.599933 371.976375 3.927160 0.125000 17.868457 
493.151895 364.262255 469.552102 358.632584 4.283443 0.125000 8.239436 
584.739081 390.530565 578.740219 446.807335 5.899291 0.125000 93.702139 
229.973839 390.713193 234.791272 358.002215 2.511545 0.125000 22.054859 
285.739364 264.548371 272.011483 263.090140 3.332909 0.125000 8.805103 
587.018384 448.141034 593.170038 393.130036 4.969028 0.125000 72.401286 
49.315926 239.343348 39.280010 258.074104 3.738009 0.125000 7.784991 
376.850062 247.271782 406.966785 249.164614 3.671192 0.125000 29.713489 
57.145000 348.349393 58.669769 338.020889 3.385973 0.125000 1.597273 
611.714012 396.303065 621.742279 398.684007 3.071071 0.125000 2.602771 
701.881705 304.344171 745.732420 313.881082 2.867397 0.125000 13.055962 
12.467359 346.977698 15.311867 330.570712 3.858862 0.125000 8.008171 
531.131355 383.178073 530.791713 394.417810 2.800901 0.062500 0.153924 
625.315440 378.192281 623.980849 396.846801 3.740440 0.125000 8.995942 
369.267160 230.906797 281.678755 197.387809 3.560821 0.125000 91.306243 
444.707752 438.394810 353.983429 429.720371 10.038591 0.125000 243.483543 
400.369604 432.009843 402.267786 418.008784 3.716005 0.125000 9.278363 
587.598813 368.186418 586.124506 385.561319 4.030922 0.125000 13.645609 
23.608254 281.905805 24.248183 271.866916 2.494936 0.062500 0.153924 
610.628903 391.875452 612.663400 374.321501 2.627288 0.125000 5.033919 
275.321004 254.617749 318.055965 248.862396 5.193051 0.125000 42.367186 
768.634851 456.887449 769.215150 433.121097 4.115026 0.125000 4.990900 
287.766396 286.857912 286.934370 304.318264 5.529814 0.125000 4.333819 
339.410063 319.036694 318.095442 319.856439 4.083500 0.125000 10.642308 
547.248675 355.667791 544.971878 375.550209 4.863347 0.125000 17.798103 
626.735698 428.419816 629.905865 403.035191 4.497887 0.125000 25.249432 
768.564335 332.657209 757.013241 321.808768 1.428060 0.062500 2.059016 
60.625233 318.123024 28.135254 314.288126 3.646810 0.125000 30.745491 
210.043035 292.036387 214.028020 275.541175 3.979575 0.125000 12.732307 
568.064238 445.628222 567.396295 433.031080 3.479994 0.125000 0.980951 
607.129504 392.090066 594.472728 388.977594 3.343010 0.125000 1.802356 
251.867769 425.688489 330.593189 434.654321 2.090641 0.125000 59.660120 
934.082709 416.794655 938.773690 411.356324 3.587326 0.125000 0.277653 
89.274061 340.611783 93.521143 308.176872 4.898765 0.125000 26.644216 
668.335326 388.679538 680.480566 392.352582 5.620556 0.062500 4.023057 
217.031016 410.645003 224.858148 349.597212 4.101225 0.125000 52.760050 
215.649871 515.529032 230.616493 519.407826 4.212911 0.125000 6.583671 
19.349442 255.627978 16.999954 235.464785 3.724798 0.125000 5.025699 
893.520477 463.212837 889.052145 483.330924 3.389765 0.125000 0.532991 
265.605678 252.951697 241.871976 255.597874 1.662118 0.125000 8.405463 
315.110859 205.688087 343.198990 216.686034 3.442699 0.125000 40.967008 
205.153735 409.311494 207.845399 389.337322 2.380907 0.125000 5.033919 
654.321499 508.927126 679.558653 505.912420 3.816734 0.125000 22.250923 
623.335979 398.010464 617.543090 450.560853 5.958035 0.125000 89.139917 
205.128224 389.295775 202.119165 408.163939 3.256242 0.125000 10.996469 
622.177239 395.606513 611.868951 393.150387 3.125502 0.125000 3.486678 
296.938103 377.692278 300.302837 368.463273 5.443763 0.125000 10.176465 
689.485798 409.390759 693.244408 382.964198 3.707191 0.125000 19.409339 
604.357145 448.122921 610.185603 398.073830 3.665114 0.125000 38.914828 
616.362296 355.670854 596.503578 347.813767 4.189450 0.125000 13.801800 
631.560374 377.880161 650.775352 383.894660 4.471035 0.125000 6.242475 
685.116954 455.705361 689.590895 414.398383 4.360597 0.125000 39.223570 
17.904423 266.887986 17.015740 251.793123 5.285215 0.125000 5.778181 
227.526392 314.268076 221.962469 345.417347 4.570763 0.125000 19.925612 
625.850319 441.960738 626.586932 429.285615 7.849973 0.125000 13.195100 
472.431943 303.571057 372.867826 276.573428 5.500828 0.125000 121.997442 
210.448371 390.598660 207.631551 409.487820 2.472658 0.125000 11.471820 
200.846397 523.288484 228.472858 528.917873 3.900996 0.125000 13.076320 
3.087408 409.121012 11.863169 408.901663 3.811297 0.062500 0.549697 
448.015300 545.439301 460.186697 533.912198 5.253299 0.125000 13.593817 
326.949589 425.165668 319.048975 423.882723 6.369549 0.125000 0.805107 
609.876983 375.542997 608.222419 390.635680 3.046579 0.125000 5.867406 
178.654315 348.202713 181.428188 329.309400 2.836635 0.125000 12.943295 
564.451944 381.550029 549.127202 377.921571 3.584745 0.125000 15.033242 
584.504947 386.257928 570.582657 383.326073 3.734266 0.125000 4.418253 
142.333417 336.947209 144.699509 321.926116 2.985269 0.125000 10.582457 
706.923149 249.250620 701.340034 303.198999 4.373454 0.125000 56.177003 
607.220271 396.781084 601.890340 448.126592 4.844214 0.125000 50.750598 
776.847679 318.466499 798.260637 320.179627 2.940561 0.125000 3.134646 
318.353524 423.709786 282.024156 419.374952 4.760286 0.125000 54.348781 
99.528589 294.681175 110.520707 289.167096 3.908720 0.125000 0.021860 
850.685538 418.130269 849.047082 436.955255 2.112377 0.125000 6.143012 
224.998632 350.540313 228.883273 321.808517 3.314861 0.125000 15.604377 
680.424552 503.237779 685.290406 457.954729 5.412933 0.125000 42.801081 
637.928083 509.212517 644.105284 454.204342 5.148004 0.125000 100.077900 
198.768877 256.765582 212.660113 264.147601 4.484630 0.125000 3.980583 
229.581264 525.657640 220.663684 524.146689 3.508958 0.125000 2.602771 
210.971492 345.671041 212.647001 333.061485 1.819626 0.125000 1.180743 
83.207637 378.137629 84.757999 367.992506 2.471310 0.125000 1.180743 
786.963516 417.108709 774.341523 416.009367 4.169701 0.062500 1.220520 
638.644334 279.433637 643.600572 235.537561 3.365867 0.125000 65.708596 
639.275592 450.718084 642.924982 405.608818 4.140976 0.125000 27.716222 
125.660910 296.808827 127.014778 323.117807 4.672191 0.125000 13.137891 
214.538212 363.317533 218.140394 336.877097 2.703246 0.125000 7.815234 
713.051890 322.990982 711.660599 336.726670 4.738656 0.125000 9.496302 
229.390558 281.588207 275.707682 284.100903 3.502979 0.125000 52.609771 
285.085228 319.628672 276.370437 386.971467 6.358739 0.125000 124.133906 
658.563295 458.169398 653.611711 507.050925 5.982362 0.125000 73.117458 
326.932572 431.332751 274.361606 425.751152 4.895327 0.125000 35.235474 
645.636719 365.591283 616.884389 355.597987 3.642970 0.125000 22.816905 
428.102946 298.226955 438.172563 300.405119 2.014572 0.031250 1.053308 
190.530407 411.860088 188.354801 425.661226 2.274859 0.125000 2.602771 
405.356922 247.453986 381.510297 236.412671 2.604255 0.125000 17.999360 
741.189983 413.102098 741.801111 428.178664 7.848235 0.125000 17.326839 
194.339177 306.869678 196.546555 292.011913 2.472858 0.125000 0.749400 
231.789825 310.536349 281.978248 314.217228 3.340850 0.125000 70.183224 
159.289220 365.061359 189.289302 368.810706 3.411239 0.125000 35.286982 
186.409274 463.070398 189.623556 435.654141 2.919653 0.125000 18.676139 
756.922631 321.443748 731.814735 318.670646 2.217862 0.125000 8.465279 
117.476021 259.202680 147.413393 277.230955 3.419575 0.125000 27.694045 
21.077589 319.632627 14.068048 365.956841 5.236412 0.125000 49.718515 
269.432315 263.299128 253.095496 262.428820 2.961937 0.125000 7.575565 
68.326931 387.910594 81.852342 400.649058 4.126243 0.125000 3.980583 
238.719677 495.539891 237.401014 505.693315 2.479179 0.125000 0.277653 
850.628337 440.625486 852.869585 425.224027 2.532866 0.125000 9.308553 
685.673222 415.516245 682.154422 454.400286 3.960055 0.125000 47.585984 
29.363104 303.223984 78.159428 309.088542 4.122867 0.125000 63.021412 
125.462511 323.274727 117.215929 383.171939 3.930332 0.125000 41.154554 
644.113352 399.461784 645.439506 384.358712 2.751585 0.125000 5.939384 
198.988843 396.973847 202.708139 364.470334 2.483792 0.125000 11.792708 
209.919710 374.436909 208.501187 386.917756 2.625169 0.125000 0.733426 
823.215314 422.502580 794.347600 418.313835 4.788117 0.125000 20.522443 
650.180158 381.811327 652.158957 367.986724 4.066395 0.125000 3.975754 
745.529464 424.365116 746.963377 410.504825 2.229464 0.125000 2.986923 
579.634024 448.492919 479.550932 440.827846 9.032588 0.125000 206.339169 
904.430082 433.858390 890.702859 432.394767 2.024022 0.125000 1.180743 
462.060312 264.400808 468.350803 219.232363 2.241462 0.125000 32.356490 
757.238222 444.343227 755.926568 429.348620 3.035129 0.125000 1.158972 
274.791482 386.919442 271.861875 414.373599 2.883787 0.125000 15.406814 
95.655143 357.874911 118.278472 360.601682 3.423897 0.125000 20.379778 
14.426772 299.384091 19.473578 270.642309 2.462329 0.125000 9.804860 
203.527978 356.934911 209.636154 315.849664 2.890774 0.125000 23.388758 
640.435823 405.482648 635.967353 450.658863 4.606600 0.125000 44.534067 
389.358200 584.449952 364.220246 578.815421 3.112412 0.125000 24.125052 
484.555034 389.745231 480.677554 378.539342 3.543843 0.125000 2.510212 
754.182771 407.310724 771.601351 414.995280 3.800932 0.125000 10.456965 
211.954297 400.634659 214.559701 379.245238 3.117914 0.125000 7.592476 
212.671963 500.722083 214.040631 489.486538 2.783960 0.125000 3.890013 
213.102839 419.522676 240.547544 423.641151 1.792669 0.125000 9.693541 
373.313521 283.618804 428.912605 297.479760 4.576232 0.125000 59.162976 
679.541941 255.643933 677.410793 274.435763 3.329221 0.125000 14.419247 
85.044149 360.550836 87.596920 340.557574 3.271451 0.125000 8.822242 
93.824040 308.020231 99.335827 295.607605 5.456474 0.125000 5.979927 
400.895131 242.606638 412.262351 248.530363 3.950035 0.125000 4.283565 
551.928655 306.881228 556.433035 268.073701 2.250501 0.125000 30.276398 
673.591417 453.177382 677.951413 414.355505 2.776774 0.125000 20.590419 
213.841125 270.233139 196.739102 259.593440 4.269817 0.125000 9.589141 
243.332908 413.985093 221.795188 411.254529 3.423451 0.125000 18.663879 
216.810271 490.518615 215.797242 503.037790 2.491855 0.062500 1.723827 
463.312556 577.911485 445.710353 581.096680 4.580385 0.125000 3.736814 
145.828578 320.802735 157.029092 319.205679 2.651417 0.031250 3.965654 
265.829618 191.175399 254.118996 187.750293 2.553066 0.125000 0.837704 
804.416090 407.732545 821.726336 409.544913 4.452169 0.125000 7.027448 
199.703785 429.420890 196.893991 449.552118 3.396866 0.125000 5.715251 
284.682495 299.274906 280.644129 286.868773 1.962432 0.125000 0.277653 
664.495534 410.638007 659.371062 458.124575 4.702910 0.125000 36.873188 
193.611761 408.166932 196.311564 376.826463 2.812624 0.125000 8.617589 
461.965379 248.137008 459.963601 263.203205 1.984316 0.125000 2.986923 
643.223873 383.134353 642.157997 394.401771 1.939665 0.015625 1.184155 
280.385342 197.474659 266.158946 191.788988 3.717138 0.031250 2.018317 
284.417289 272.732709 276.873995 273.104624 2.804744 0.031250 2.496464 
73.781862 338.051762 72.242830 350.516074 2.787519 0.125000 5.696193 
734.308297 500.889944 761.767034 499.030582 4.079232 0.125000 33.998380 
218.396656 377.996655 214.281848 409.362780 2.905193 0.125000 30.911413 
340.749928 216.573653 374.856677 230.713113 3.971942 0.125000 34.823981 
283.088394 309.937252 231.892639 306.604074 4.989436 0.125000 53.523023 
729.027648 349.216072 726.897354 370.627224 2.494003 0.125000 1.837193 
755.597114 400.843783 788.361453 405.019846 4.327701 0.125000 17.307161 
155.762947 388.143789 158.817309 365.719297 2.703489 0.125000 21.048723 
184.752408 451.729757 183.031689 462.067531 2.663630 0.125000 0.837704 
444.529753 580.204484 423.093067 584.203836 3.833105 0.125000 4.059414 
748.972519 440.579578 751.495563 418.223248 2.484230 0.125000 6.064387 
951.952282 454.382081 955.039568 420.685889 2.603621 0.125000 13.008551 
236.809313 421.118879 213.145411 417.971539 1.324571 0.125000 0.837704 
242.907297 450.717130 224.343507 454.207501 4.220962 0.125000 9.077036 
189.556362 359.647345 148.109481 351.958659 2.824989 0.125000 40.144475 
0.447474 299.760352 9.497904 300.742821 2.612999 0.125000 0.277653 
17.098070 270.662383 12.275108 299.442051 1.866145 0.125000 17.436363 
794.334573 495.717153 810.651970 495.147417 5.127810 0.062500 1.461468 
840.681904 459.376428 840.117448 481.862259 2.624687 0.125000 2.366521 
201.019213 340.976374 203.536748 329.195863 4.189657 0.125000 0.283583 
666.654111 391.852286 665.369096 404.348685 3.381936 0.125000 0.980951 
186.812545 439.365236 185.036057 450.728348 2.856151 0.125000 0.733426 
635.515119 452.465153 625.379863 454.152926 5.111419 0.125000 2.164976 
185.739312 250.889350 201.108559 244.243238 3.317900 0.125000 9.278363 
230.364614 286.838857 227.399848 308.197852 2.819979 0.125000 18.600017 
344.031869 328.081659 332.024513 423.143885 3.381149 0.125000 84.570169 
914.585165 460.414955 928.408605 462.404756 5.127086 0.125000 7.027448 
929.382091 438.078311 905.610914 434.467739 2.737489 0.125000 10.322544 
618.310621 451.557683 583.098726 449.950707 7.829105 0.125000 53.013882 
675.334736 413.095723 671.303095 453.067316 3.469457 0.125000 36.853851 
875.241603 416.603703 914.130943 423.293715 4.834558 0.125000 32.862417 
179.725531 323.184944 175.916139 345.461027 3.307034 0.125000 11.429260 
277.664298 395.594911 276.678176 410.693784 4.067888 0.062500 5.442436 
439.197115 300.134406 461.637062 305.390779 4.583140 0.125000 3.962137 
916.866612 329.189434 955.650371 327.436256 1.982539 0.125000 29.323510 
87.027677 395.295455 118.108117 398.299662 3.006584 0.125000 21.422686 
479.612117 440.252813 460.896567 437.517135 9.200374 0.125000 34.789636 
193.686468 291.775172 191.504980 306.821352 2.993767 0.125000 6.726518 
251.992955 273.356541 234.296021 271.306926 4.156531 0.125000 25.745813 
662.948200 451.856479 667.147344 411.772582 2.746866 0.125000 17.571003 
146.965565 275.843567 202.305158 252.913130 6.501166 0.125000 111.812967 
199.590018 324.411356 195.170711 350.548187 3.697518 0.125000 18.602877 
378.899321 232.553326 400.656304 241.801354 4.228440 0.125000 12.425647 
682.370546 380.999850 668.892695 377.462825 6.482842 0.125000 18.123382 
195.933354 260.092388 145.567456 281.741123 3.727116 0.125000 38.980047 
466.039885 219.435937 462.006880 246.894370 2.110169 0.125000 12.775973 
86.804760 271.706260 117.252560 259.032027 2.981666 0.125000 33.535410 
266.975313 322.037926 265.322133 335.739279 2.974314 0.125000 4.153905 
530.925125 465.692110 527.285980 481.966898 2.856506 0.125000 5.033919 
667.818366 405.595877 669.123792 391.851141 1.897857 0.031250 1.166665 
708.088517 504.015461 730.610302 501.730147 4.217309 0.125000 16.808483 
185.524480 309.440655 178.703368 298.997239 2.456086 0.125000 0.837704 
216.780780 444.336288 220.398285 435.531849 3.468631 0.125000 2.602771 
120.580603 344.815782 97.932659 342.534583 3.856392 0.125000 31.505814 
216.999825 488.071054 213.026545 478.877333 4.278412 0.125000 0.980951 
100.904142 321.803792 99.789789 336.997104 5.776078 0.125000 3.628245 
213.374154 478.458547 215.464951 469.061278 4.069175 0.125000 7.029799 
220.654504 343.236892 217.716000 376.839233 6.491420 0.125000 42.282438 
268.434264 334.419908 269.907993 324.270884 2.474053 0.062500 0.153924 
149.309415 349.750145 190.608343 356.970276 2.583212 0.125000 33.140265 
271.901755 273.755416 253.078898 272.942596 3.962221 0.125000 16.951940 
144.457937 402.347822 170.676148 405.145701 2.800343 0.125000 16.951900 
722.096029 206.023915 706.909970 214.438114 2.418657 0.125000 0.980951 
554.314304 266.867732 549.669404 305.660251 2.482269 0.125000 25.462199 
215.911449 333.175744 213.688419 345.724808 3.910549 0.125000 3.599039 
712.856080 207.422115 729.117035 201.200749 3.126681 0.125000 3.177918 
859.419610 414.213660 875.478759 418.653913 4.691504 0.125000 1.578709 
148.429015 323.144976 146.782643 348.201066 4.397592 0.125000 40.865095 
710.978832 213.059149 709.869116 228.161308 3.042901 0.125000 13.824003 
741.319299 398.216674 739.329823 413.284083 2.642116 0.125000 9.308553 
235.073388 391.806814 240.170888 350.568866 3.289184 0.125000 59.122450 
538.280817 332.644063 465.704289 309.130269 3.534094 0.125000 72.009375 
253.894300 184.449026 317.134903 207.409132 4.078604 0.125000 69.648221 
260.566986 335.497575 262.026283 320.517964 3.489931 0.125000 5.240089 
285.314834 398.471215 291.267018 403.803644 3.002154 0.125000 0.277653 
635.256187 222.329766 361.124087 0.009600 2.492199 0.125000 303.438870 
815.601610 490.770889 795.516656 487.550777 4.494230 0.125000 9.857407 
133.206305 386.368770 145.783398 388.388768 6.369138 0.125000 5.322708 
190.602085 404.586808 175.508282 402.953861 3.023292 0.125000 2.164976 
268.223838 605.304027 247.989357 604.030969 5.461067 0.125000 27.433194 
420.901386 385.523131 414.880843 369.188558 3.458339 0.125000 5.580566 
251.878478 262.451524 231.871665 262.572230 3.772556 0.125000 2.689672 
97.792499 343.231964 96.338007 355.708124 2.483182 0.125000 3.890013 
759.304930 495.100759 740.369383 493.272594 6.461323 0.125000 22.482302 
215.376201 468.881948 223.369265 458.309674 3.501901 0.125000 3.453861 
459.362106 445.818440 558.173003 452.404851 2.078411 0.125000 41.971637 
679.245534 294.364455 680.062936 284.329218 2.491748 0.125000 0.277653 
238.602561 318.252746 236.941026 340.722315 3.415001 0.125000 9.622588 
258.146597 320.627788 256.835603 330.781310 2.918789 0.125000 1.719751 
681.934811 233.005006 679.900982 253.178029 2.988944 0.125000 15.384015 
241.149394 343.022576 244.336617 320.443137 3.363764 0.125000 11.602101 
27.197559 296.923029 29.828143 279.256347 1.736353 0.062500 0.014211 
944.991352 454.424562 943.285557 475.637911 2.191384 0.125000 5.879317 
6.419320 351.983140 9.495001 329.391337 2.814392 0.125000 2.183244 
78.472011 306.927548 83.765324 271.971964 3.294598 0.125000 40.316821 
118.090095 384.595400 132.083024 386.811479 4.156342 0.125000 14.513801 
793.497520 353.917960 771.408448 335.913798 2.800598 0.125000 4.149437 
869.036663 431.849225 867.886091 446.952028 5.080507 0.125000 1.206143 
228.270155 603.783336 210.691528 602.958010 6.125876 0.125000 19.207703 
520.704302 481.866231 519.596799 471.850474 2.552751 0.125000 0.277653 
928.669430 393.332997 911.674949 335.683974 1.691071 0.125000 28.000764 
18.501859 410.108421 0.592165 419.311099 3.814418 0.125000 18.663879 
255.498837 266.592227 270.889175 268.599716 4.688569 0.125000 15.260085 
647.519494 199.457513 649.469411 184.227053 2.955976 0.125000 12.017823 
205.539505 454.452676 206.463682 440.597564 1.494039 0.062500 0.632815 
26.417971 223.713582 31.438863 238.275380 3.042123 0.125000 0.021860 
466.858509 306.933132 490.808695 313.727470 3.104458 0.125000 9.398870 
210.641300 602.359710 185.599412 601.826338 6.488144 0.125000 37.153118 
514.230970 563.449722 491.693338 566.957972 3.786931 0.125000 1.191913 
445.499208 577.452817 481.878696 570.644750 2.766276 0.125000 31.494047 
870.632155 484.517575 855.607265 485.271616 1.560127 0.125000 1.180743 
784.889828 448.035108 786.865915 431.873889 2.633230 0.125000 7.917177 
79.406936 402.039174 51.857239 401.228898 2.498919 0.125000 26.467263 
309.277858 237.052088 322.482822 244.295681 2.617550 0.125000 0.839772 
904.347263 330.971319 830.569946 325.062393 1.995893 0.125000 53.015326 
945.529637 473.116468 947.213681 454.293467 1.710329 0.125000 2.986923 
86.917081 384.043949 55.538527 380.055273 2.028147 0.125000 9.638543 
454.136720 423.222694 455.475282 409.360543 2.728714 0.031250 0.756554 
309.151035 333.189332 315.693051 355.964507 2.389978 0.125000 0.086844 
231.875902 266.849863 254.436576 267.659788 4.196045 0.125000 23.829719 
350.921911 438.459059 337.775049 548.531097 8.760885 0.125000 445.576464 
680.895797 276.797109 681.694106 266.761179 2.591246 0.125000 0.277653 
192.951725 287.196962 206.221803 294.338706 5.419522 0.125000 5.322708 
804.375689 320.617893 816.879431 321.829262 2.087928 0.125000 0.277653 
680.894945 457.543005 661.642027 454.706084 5.857689 0.125000 18.879133 
131.903236 544.386821 137.029101 532.142899 4.504642 0.125000 2.096062 
246.896035 603.744701 226.793275 603.073801 5.205686 0.125000 23.465079 
820.145759 445.556547 816.921204 468.131600 2.475055 0.125000 6.212425 
176.478387 300.864843 182.579952 310.954606 3.010132 0.125000 2.462816 
712.270942 199.260617 711.218093 207.121844 4.214604 0.125000 1.597273 
192.633551 384.363134 192.301756 398.105123 2.650131 0.125000 4.793103 
307.211796 592.222561 347.513534 607.263414 5.855504 0.125000 36.002467 
99.370381 510.181502 46.876074 510.728167 3.827896 0.125000 52.818372 
834.401052 491.358661 859.463388 492.623200 4.249152 0.125000 10.422169 
118.192245 660.353794 105.540265 657.216742 3.639784 0.125000 0.568308 
211.922889 412.776730 264.292124 419.977717 2.306418 0.125000 13.978437 
103.218118 404.442426 93.084097 403.644451 2.590409 0.125000 1.180743 
158.223104 321.957014 150.832054 330.798095 2.719778 0.125000 1.719751 
98.126747 612.772214 88.126992 612.722703 2.530914 0.125000 0.277653 
347.582430 304.476514 345.272432 320.574408 2.297099 0.062500 0.041042 
676.268884 284.351862 675.933531 293.136778 3.651906 0.125000 1.719751 
683.602104 250.669353 685.247155 232.973670 2.692552 0.125000 9.434341 
275.416993 268.340396 285.739435 269.131122 4.889921 0.125000 10.176465 
546.151088 556.259592 530.616903 560.595996 3.471515 0.125000 0.086844 
724.821651 369.419883 726.836330 349.371114 2.237509 0.125000 10.582457 
491.863374 570.563264 583.170780 553.368093 2.616422 0.125000 64.853208 
788.903582 443.043018 784.325810 469.366446 3.855232 0.125000 9.377923 
772.953582 445.591233 775.654387 431.880789 2.211269 0.125000 0.837704 
90.541282 406.657448 120.647408 409.098653 3.838759 0.125000 29.087178 
593.342404 352.512736 547.862701 336.363699 3.653566 0.125000 29.752965 
301.998982 607.609347 286.723208 606.536698 4.287254 0.125000 12.732307 
103.121661 663.149394 89.456567 661.279053 2.985428 0.125000 2.447509 
108.144664 664.693265 118.260512 664.068249 3.665777 0.125000 4.198448 
250.561515 419.861881 216.894947 415.472024 1.670904 0.125000 15.630183 
510.767276 531.786043 495.672068 530.182041 3.464847 0.125000 4.418253 
728.163360 490.048603 703.102265 491.475775 3.388587 0.125000 21.201786 
715.645028 471.440523 686.840992 470.112779 2.957817 0.125000 13.399649 
211.404217 428.432303 201.243114 495.529308 7.341205 0.125000 107.968666 
484.397954 530.784414 463.050590 533.858226 3.018744 0.125000 11.843306 
179.358572 656.974604 165.571287 654.700671 2.873504 0.125000 3.299751 
365.755341 0.464642 631.926157 216.812061 2.265358 0.125000 303.950510 
368.269107 285.684401 367.684303 299.409483 7.652838 0.125000 30.547334 
248.779918 445.670079 249.733675 431.813649 3.094952 0.125000 5.033919 
0.746107 348.148162 7.468293 312.999405 2.636587 0.125000 35.947786 
396.758157 644.678837 384.328441 643.744169 3.242807 0.125000 6.143012 
456.851163 546.667881 480.716634 543.921196 2.912364 0.125000 9.638543 
777.415124 587.762477 719.912852 622.758743 3.017383 0.125000 56.072075 
699.442488 131.829526 707.388062 143.621555 4.190955 0.125000 1.324870 
739.425032 491.494877 729.271873 490.158518 2.152386 0.062500 1.809026 
415.443003 628.578365 455.077425 644.489040 5.588086 0.125000 51.458845 
173.866095 298.839086 192.538810 288.020753 7.227742 0.125000 22.007751 
484.176242 574.244115 464.405911 577.089758 4.058580 0.125000 5.778181 
628.306211 550.954490 585.496639 542.527044 4.422965 0.125000 30.764321 
704.590267 146.736635 702.225387 164.421854 3.716916 0.125000 16.141937 
198.386008 248.711270 189.225627 252.789482 2.283887 0.062500 1.809026 
677.891826 131.862786 678.744144 115.591954 2.627356 0.031250 2.953758 
223.242302 618.758755 200.592789 622.950969 2.139120 0.125000 5.115672 
690.744484 566.375292 663.035379 559.749812 3.594224 0.125000 17.406325 
118.988684 358.248761 120.618614 346.874085 1.946589 0.062500 0.632815 
32.683105 271.813789 28.681499 300.702086 1.656384 0.125000 11.471820 
126.495847 525.200861 99.043341 512.597412 4.580013 0.125000 25.547981 
199.356275 623.014421 128.240428 635.056665 2.425481 0.125000 34.789636 
179.057173 502.870498 197.883601 508.881109 3.371317 0.125000 7.385224 
730.655516 497.215787 714.312695 498.679213 3.958027 0.125000 8.008171 
606.061407 295.665462 604.327130 314.370562 2.489323 0.125000 1.158972 
728.140156 477.939406 708.069845 476.300403 1.652813 0.125000 3.890013 
667.070068 156.893626 668.748578 139.315185 2.726316 0.125000 13.824003 
683.447652 94.597089 692.682441 81.180782 3.730800 0.125000 6.212425 
706.115771 631.447698 643.520570 668.788109 3.446357 0.125000 70.308735 
333.618021 614.608938 302.636897 607.868456 5.739046 0.125000 30.326273 
685.510888 492.755802 710.576014 496.003111 1.882045 0.125000 8.805103 
197.092770 505.113694 181.692109 498.554414 3.258262 0.125000 3.177918 
285.686648 608.495315 224.468490 618.686586 1.855939 0.125000 26.063013 
854.138395 489.417132 870.495329 486.213030 2.478603 0.125000 0.162746 
747.630054 363.197838 746.065395 379.417484 1.768289 0.125000 1.719751 
829.295940 322.890127 903.181891 328.644528 2.053774 0.125000 52.867526 
307.313551 527.884755 293.159774 529.653296 7.907082 0.125000 21.800316 
356.872579 576.792455 336.889763 577.378440 4.078147 0.125000 2.369672 
657.716565 627.123428 675.343697 619.935184 3.000371 0.125000 0.086844 
31.847077 619.952695 19.368602 620.470957 2.497847 0.031250 1.021747 
51.808015 657.525849 34.364139 655.730529 2.614837 0.125000 1.158972 
289.408917 534.086558 254.306331 529.958987 1.971331 0.125000 13.645609 
743.293388 521.246027 765.725254 523.256310 3.717340 0.125000 8.555400 
383.211645 648.530258 371.825014 647.362335 3.124667 0.125000 1.597333 
446.911426 616.547383 434.381603 617.042202 2.695355 0.125000 1.597333 
754.385543 486.799170 738.102700 484.535402 2.270867 0.125000 0.749400 
243.099550 665.774098 253.023768 667.468072 2.464358 0.062500 2.986923 
19.510197 360.633149 20.340484 346.857851 3.743207 0.062500 0.237408 
45.644372 402.090906 34.372959 403.102248 2.026962 0.125000 0.277653 
201.301427 495.691333 200.196816 506.955590 6.464152 0.125000 4.734601 
700.707140 478.267938 735.607755 480.857428 2.263973 0.125000 23.248212 
183.129153 321.832368 198.108753 323.291767 1.971359 0.062500 0.153924 
88.161719 656.618176 75.736984 654.841755 3.264169 0.125000 3.329916 
269.255009 517.467780 298.402728 512.146189 8.500569 0.125000 7.206650 
778.184060 490.213537 791.832289 492.172560 2.297037 0.031250 3.965654 
19.478363 617.598370 29.453311 616.173046 2.828496 0.125000 2.083833 
30.673027 509.395704 36.196606 496.582553 2.997070 0.125000 0.162746 
142.084901 557.649539 133.376594 553.805097 2.925742 0.062500 5.347037 
425.824875 553.412550 403.219398 556.351163 2.913017 0.125000 10.218142 
685.620513 475.656580 700.671848 477.795305 2.826842 0.125000 7.029799 
907.920937 324.439978 804.771328 0.498801 2.413461 0.125000 271.743051 
-0.129632 426.745806 27.877051 411.421838 4.262424 0.125000 32.228397 
363.089225 617.097915 381.955141 620.125640 3.854929 0.125000 6.490875 
436.875156 275.624630 416.765887 267.133406 2.252175 0.125000 4.283565 
36.937978 613.837405 21.852139 612.070145 2.919338 0.125000 3.349217 
144.230403 657.697936 155.569593 659.690332 2.462279 0.062500 0.153924 
395.746641 371.065425 378.203865 375.910547 2.742557 0.125000 7.587067 
705.774819 492.344207 684.354089 488.233977 3.632980 0.125000 21.239098 
793.346650 448.150828 795.104607 433.064361 3.435442 0.125000 11.187280 
59.394755 665.474843 45.717052 663.675334 2.641691 0.125000 4.371396 
120.505990 408.969404 143.258727 412.176177 2.807826 0.125000 1.742027 
253.033838 527.559383 274.404174 530.405979 1.652881 0.125000 5.696193 
273.580931 250.619650 309.175668 237.580843 2.498141 0.125000 34.170255 
370.619078 644.489327 381.903549 645.073872 2.130310 0.125000 1.180743 
496.972196 531.890181 493.261649 555.646344 2.625274 0.125000 17.344712 
821.925154 385.418390 798.064022 379.626203 2.794811 0.125000 0.918508 
955.636050 329.618249 921.842221 331.153436 2.100339 0.125000 26.639974 
554.418205 660.793250 544.334441 660.390502 2.797322 0.125000 4.371396 
96.738548 598.356964 71.720459 596.053416 4.994907 0.125000 19.890660 
310.632868 578.863539 288.122106 579.103364 3.936218 0.125000 8.820941 
787.664675 471.835712 789.474253 450.633471 2.567126 0.125000 6.064387 
237.022571 578.352954 264.314560 582.293592 2.639715 0.125000 11.277406 
325.613276 577.662559 311.840437 578.011743 2.752646 0.125000 6.599283 
676.140627 56.774567 697.346775 45.242542 3.775433 0.125000 5.429809 
807.371330 0.467369 910.637787 325.620939 2.280153 0.125000 262.262038 
179.351105 667.374124 189.387944 667.854620 1.607208 0.062500 0.632815 
8.762380 319.493322 1.558678 358.298327 2.318107 0.125000 21.251358 
379.385858 590.675701 389.459238 588.518333 2.416850 0.062500 1.809026 
539.514834 563.734130 509.381140 570.651744 1.697168 0.125000 4.418253 
39.356727 653.473976 55.627568 654.325959 1.901927 0.125000 4.371396 
403.177636 625.381059 416.573657 628.271569 3.929287 0.125000 2.968505 
484.401734 540.823099 466.883396 543.187217 2.074638 0.062500 2.204901 
26.897759 638.392364 35.690451 637.643890 2.915080 0.125000 2.083833 
69.858788 363.010145 71.352314 353.046649 3.028290 0.125000 0.837704 
670.798905 530.635178 671.532232 518.104940 1.686049 0.125000 0.277653 
643.290838 370.144223 594.329916 353.255701 3.462744 0.125000 48.979611 
799.612383 591.927988 777.973925 587.636798 4.407834 0.125000 8.760543 
40.622380 614.358700 55.440538 611.977228 2.482451 0.125000 0.008754 
704.607582 562.219522 729.566252 568.630426 3.454016 0.125000 14.394591 
784.535742 554.710516 767.920232 551.789953 2.443378 0.125000 3.299751 
51.866233 526.319292 0.624404 525.672237 3.812833 0.125000 62.833526 
241.883011 664.309857 226.955036 662.474150 2.786438 0.125000 4.198448 
325.566551 436.171985 273.130992 430.568929 2.220220 0.125000 16.563799 
390.932886 642.491291 345.526590 619.569946 4.570769 0.125000 53.932122 
186.909111 352.827834 163.184738 350.104579 2.198595 0.125000 12.064926 
168.913237 309.779774 174.281049 299.326755 6.701803 0.125000 6.534096 
268.105222 429.524968 250.580321 427.213790 1.566139 0.031250 1.996015 
425.624646 531.856655 344.380804 533.425555 1.780721 0.125000 60.708622 
124.456449 607.569354 111.681258 605.696717 4.241011 0.125000 0.086844 
185.719374 601.147162 169.268251 600.362183 6.302474 0.125000 13.730163 
567.078619 523.079044 551.879137 525.649462 3.072208 0.125000 4.190506 
692.904723 59.330804 676.698691 62.089132 3.277358 0.125000 1.058337 
270.539845 522.598552 250.522874 520.242753 1.824942 0.125000 0.733426 
596.841559 666.503871 580.610707 667.966382 2.041196 0.125000 4.793103 
838.576638 566.330133 817.408775 561.003712 3.957449 0.125000 3.668688 
698.125503 473.112043 719.391967 473.938319 1.782890 0.125000 8.405463 
287.170245 581.276225 307.239035 591.171790 3.962694 0.125000 7.864564 
328.979361 467.989627 331.464233 437.782728 10.187318 0.125000 79.623163 
9.542609 298.154457 15.195617 265.988905 4.141269 0.125000 20.707275 
227.238849 431.998769 228.975235 444.430835 7.600808 0.125000 0.608171 
353.004235 300.663714 352.506401 283.036561 7.673456 0.125000 28.782536 
238.103373 520.785678 271.913829 525.336520 1.882295 0.125000 11.892640 
369.464515 568.915661 404.592052 575.761209 2.787221 0.125000 35.286982 
444.438095 446.124693 356.821869 438.756817 1.896778 0.125000 56.905496 
331.918461 598.370005 378.047369 590.187361 2.958221 0.125000 39.990989 
425.647492 399.154446 446.931094 401.324947 2.131271 0.125000 7.684880 
649.805415 556.862956 634.458870 551.629079 2.508614 0.125000 1.597333 
58.063976 404.188622 89.425892 405.987969 3.631404 0.125000 32.278074 
529.424691 546.890451 533.764132 532.935050 3.871885 0.125000 0.557838 
274.966538 488.448469 302.626773 478.049736 10.961453 0.125000 65.782521 
720.481520 544.734914 677.789827 527.715765 3.946293 0.125000 36.067589 
745.147108 312.463301 705.755422 280.464447 2.549218 0.125000 26.191357 
211.776394 420.621744 211.527647 428.154806 4.331023 0.125000 0.837704 
264.420626 579.063668 239.408257 575.398068 2.686815 0.125000 16.141937 
158.158076 599.571930 123.074902 598.469993 5.468442 0.125000 40.956255 
274.540766 499.928965 276.937055 488.397654 9.075629 0.125000 19.207703 
705.955723 277.716035 750.275740 313.556887 2.045466 0.125000 39.277026 
285.673535 604.299210 269.296513 604.976137 3.901671 0.125000 19.109165 
337.682223 410.729372 351.302416 305.389345 4.690956 0.125000 209.127275 
407.136483 649.986014 394.044310 644.628486 4.470789 0.125000 4.195940 
756.600261 484.027262 776.993172 490.236916 2.701884 0.125000 3.406217 
304.277688 470.491985 327.696002 463.028861 11.203057 0.125000 88.618394 
475.612304 658.174491 496.753653 663.598020 3.974649 0.125000 10.360096 
773.094263 585.756865 706.665769 570.272616 3.093218 0.125000 59.477797 
815.136688 372.467564 799.324009 359.436877 2.215110 0.125000 1.158972 
232.010797 272.764607 229.825506 279.520718 3.952690 0.125000 2.083833 
315.183852 348.226930 311.703623 333.164598 1.688430 0.062500 0.153924 
345.628449 530.889461 426.880931 529.829775 1.706321 0.125000 64.301492 
381.936059 627.522196 398.146357 629.164152 2.739211 0.125000 3.349217 
85.847116 611.055217 64.472823 605.263955 2.244765 0.125000 2.626729 
195.925253 413.151396 194.607079 428.145403 2.380925 0.125000 0.749400 
504.252978 552.763949 506.779028 560.655719 4.762001 0.125000 0.839772 
776.981495 336.753603 793.600731 351.332697 1.763999 0.125000 8.405463 
75.608202 644.275612 42.983797 649.789541 2.291423 0.125000 6.749700 
228.111289 659.671699 240.642293 660.250777 1.710291 0.125000 1.180743 
720.323680 473.594818 730.663305 475.406368 3.262296 0.062500 0.014211 
409.448427 564.001418 391.889684 560.550291 2.672966 0.125000 5.033919 
33.114260 405.400001 56.929331 404.263179 2.735562 0.125000 17.999360 
558.128891 454.316033 449.357608 447.138572 1.848861 0.125000 60.731865 
763.045180 551.166191 720.728265 544.924852 3.385193 0.125000 23.260149 
580.653055 453.967471 625.612087 457.062575 1.250000 0.125000 17.436363 
877.972731 528.793052 860.524467 524.816071 3.656228 0.125000 5.784837 
578.167889 544.382473 563.142734 544.894940 3.790430 0.125000 2.619898 
153.094268 663.279656 141.793702 661.034130 4.660494 0.125000 1.058337 
260.837284 585.759081 248.085382 583.333260 2.749531 0.125000 0.008754 
649.329299 542.719527 635.612663 544.265542 2.344268 0.125000 1.719751 
819.130719 507.446676 765.671535 500.277973 3.066384 0.125000 27.680369 
0.621103 380.712729 18.142058 381.490966 2.830341 0.125000 4.190506 
40.473176 644.690257 58.321313 643.449943 5.021768 0.125000 4.333819 
564.331747 545.832698 550.654285 542.984376 3.926082 0.125000 1.058337 
808.013712 561.664338 777.386812 577.843833 2.606865 0.125000 12.447921 
804.466748 523.861775 829.342166 528.308671 2.591623 0.125000 0.271438 
123.226718 632.395305 150.655890 627.033011 2.665757 0.125000 16.105385 
551.859637 543.552523 531.866613 543.925968 3.726002 0.125000 3.230347 
735.435346 440.780433 732.692064 459.494771 3.380048 0.125000 11.054558 
624.769673 668.828030 694.002504 629.961475 2.638679 0.125000 70.414025 
91.103161 310.701480 86.525854 339.319155 1.481501 0.125000 5.939384 
273.034553 527.577263 236.900954 522.923487 1.643529 0.125000 13.644439 
358.074101 389.849938 378.111882 391.997401 1.819762 0.125000 5.696193 
595.655642 548.288973 579.276838 551.349708 2.066533 0.125000 2.462816 
630.492733 616.420284 611.864484 621.838848 2.793028 0.125000 2.383385 
686.541075 620.636998 656.958499 612.809435 3.554666 0.125000 14.006583 
204.323106 573.434785 224.388234 576.795998 2.471921 0.125000 0.805107 
379.473974 389.827314 356.856875 387.021078 2.182318 0.125000 8.448962 
390.814813 561.279859 369.540581 567.446259 2.592555 0.125000 15.924480 
705.956299 570.659888 691.571568 566.737903 4.604363 0.062500 0.880103 
852.966428 537.772753 899.315911 545.959532 2.100641 0.125000 19.901599 
155.553801 626.359013 168.158764 624.619692 4.056531 0.062500 0.237408 
210.559409 577.237673 184.484086 572.521831 2.905010 0.125000 11.429260 
248.414348 193.042502 259.901356 233.331323 1.902659 0.125000 1.912716 
383.087863 620.825860 397.053785 623.408016 2.458335 0.125000 4.371396 
125.591029 635.440828 95.686225 640.956921 2.005038 0.125000 7.029999 
164.321636 565.781751 146.732439 559.793761 3.650777 0.125000 4.173821 
865.613416 535.704334 885.732040 538.641910 1.876091 0.125000 1.597273 
284.710941 509.218092 274.123926 499.440020 10.808736 0.125000 17.434427 
798.133086 511.589465 775.580377 510.950830 3.925411 0.125000 0.249779 
177.949000 623.254627 234.377395 614.390249 2.734646 0.125000 50.911546 
226.766312 574.074109 205.650082 571.655971 2.199337 0.125000 7.684880 
729.512926 637.624136 706.679132 631.336277 4.401478 0.125000 14.741097 
116.577719 340.585272 118.919233 323.064092 2.146817 0.125000 5.256860 
442.123567 669.878782 414.521847 654.117831 4.027343 0.125000 21.702054 
446.118734 351.941803 448.345262 335.485676 2.579505 0.125000 3.349217 
524.557207 524.884937 508.562699 530.599976 2.944184 0.125000 5.033919 
189.357762 584.795950 206.930670 585.515581 5.302689 0.125000 4.384925 
135.663061 583.192490 164.423499 584.118196 3.828484 0.125000 12.331089 
788.666966 576.997618 813.017875 561.704427 3.078661 0.125000 20.412535 
779.314454 653.303039 765.465686 648.593472 2.841099 0.125000 5.939384 
661.924363 551.706085 678.241986 556.474685 2.805038 0.125000 5.033919 
924.612600 532.000809 852.390281 668.397842 2.660629 0.125000 113.779297 
10.607078 650.512253 20.748227 648.900197 2.861477 0.062500 0.611105 
730.988721 627.063817 749.301165 633.340418 3.580820 0.125000 4.942844 
735.619253 489.180166 753.104038 488.664383 1.581176 0.125000 2.986923 
668.021735 611.610559 678.060295 610.926060 3.911385 0.125000 2.447509 
869.435025 495.116608 895.760795 498.224865 3.655300 0.125000 13.714071 
185.718066 570.182066 164.611922 565.747405 3.926896 0.125000 8.555400 
235.562169 613.952531 276.828925 607.815197 2.555140 0.125000 30.547334 
761.916079 481.457839 733.198371 478.629916 1.997971 0.125000 10.986973 
97.605854 559.169857 111.622118 566.133962 2.823207 0.125000 0.980951 
168.171204 598.688891 159.276079 599.417742 2.593730 0.062500 4.191043 
458.104966 553.166572 472.233452 559.975074 3.337439 0.125000 0.283583 
908.145727 490.444726 874.410525 486.566017 2.911973 0.125000 14.252535 
21.721459 648.468131 39.762484 645.413618 4.551590 0.125000 6.070389 
811.850606 530.791194 835.638532 534.282810 2.325935 0.125000 12.943295 
345.472177 618.591019 333.834072 614.774511 4.342306 0.062500 1.982471 
66.862042 520.721816 49.341289 518.376882 2.312087 0.125000 5.256860 
799.500956 356.718663 813.335010 367.864335 1.919185 0.125000 0.733426 
473.098784 540.512630 488.154203 537.000174 2.150619 0.062500 1.106821 
553.116209 495.624074 556.412592 464.326298 1.700669 0.125000 7.624953 
690.408916 511.953417 741.724450 520.300536 2.809668 0.125000 39.331661 
838.141140 520.530181 807.952004 515.391288 2.910369 0.125000 11.664386 
120.651567 313.128917 122.508530 300.534108 2.290935 0.125000 2.986923 
839.364235 502.601023 854.357906 502.292980 2.550824 0.125000 3.486678 
28.102231 434.540954 0.605337 430.768318 2.306885 0.125000 14.419247 
835.609537 531.966122 811.905758 527.943746 1.650637 0.125000 3.329916 
720.575283 509.668653 760.695070 516.461134 2.047598 0.125000 18.001362 
791.911331 629.486292 805.443415 625.068758 2.401113 0.125000 0.733426 
444.235557 335.607250 442.316806 350.681237 2.479990 0.125000 6.143012 
458.079336 528.982638 435.592957 531.599674 1.250000 0.125000 1.180743 
860.652483 525.511407 839.149060 520.308870 2.390724 0.125000 5.950029 
869.455594 501.354714 829.258353 495.128028 3.148739 0.125000 14.180601 
220.529523 508.634333 258.114718 515.679850 2.764574 0.125000 17.628147 
557.274137 474.405375 555.848250 493.141990 1.341249 0.125000 0.277653 
914.378582 508.102640 870.747037 501.113185 2.168974 0.125000 14.252535 
766.894767 524.197927 791.862702 526.985169 2.345887 0.125000 2.383385 
815.729026 564.547058 788.395710 581.072752 1.517243 0.125000 5.033919 
833.225045 592.630387 854.611411 596.956212 3.923383 0.125000 3.339560 
914.972099 338.310345 923.412655 368.043341 1.900659 0.125000 3.406217 
924.542913 371.818767 931.698102 393.184242 1.250000 0.125000 2.462816 
86.889763 638.206100 104.268944 635.042401 3.799806 0.125000 1.742027 
41.774811 650.092461 4.421095 657.120012 1.982182 0.125000 10.616000 
119.692860 296.920980 117.339164 313.192143 2.474247 0.125000 3.299751 
761.898577 636.796127 784.611030 643.585399 2.642542 0.125000 1.888950 
893.154403 368.700360 859.364887 370.427112 2.432946 0.125000 29.730858 
811.861803 498.225643 839.380368 501.834065 2.580550 0.125000 10.616000 
880.574184 517.202369 820.659599 507.902107 2.002149 0.125000 33.120031 
821.846522 510.806226 875.451379 519.229859 2.452057 0.125000 22.457294 
462.287430 648.681222 473.345134 655.254697 5.372393 0.125000 2.484090 
855.671648 605.426649 814.355042 595.709864 2.577882 0.125000 27.329055 
82.031701 271.583290 50.484405 254.636728 2.366120 0.125000 19.574926 
116.450618 320.560451 113.578427 339.443966 2.283610 0.062500 1.796465 
375.685255 261.550199 356.886542 258.062783 1.913035 0.125000 3.486678 
15.622702 577.874048 30.621444 577.736697 3.807075 0.125000 0.557838 
437.222189 528.162165 445.787890 448.142437 2.170811 0.125000 36.877209 
474.216989 324.905471 503.017953 333.484375 2.141050 0.125000 3.906504 
43.247548 597.053310 9.368795 593.179265 4.756012 0.125000 30.677179 
271.356187 430.873651 263.362947 494.561746 5.890027 0.125000 86.566104 
882.500019 604.032017 894.883024 581.467811 2.405520 0.125000 7.849919 
677.231481 190.657047 675.883813 205.648267 1.468820 0.031250 4.833987 
742.351221 604.351909 771.112705 586.870803 4.544625 0.125000 29.146617 
948.810250 578.157766 947.495461 605.654668 2.974760 0.125000 31.885803 
53.110057 537.880438 10.615946 540.476820 2.266649 0.125000 29.874925 
878.082557 575.810490 839.357892 566.949769 3.025622 0.125000 17.599301 
693.099593 190.622189 691.718415 203.107678 1.792181 0.062500 0.632815 
895.170846 595.990372 906.134754 572.109028 2.457855 0.125000 11.054558 
28.961389 495.748654 25.625877 518.309933 3.752829 0.125000 9.589141 
391.893226 631.829392 405.472735 637.256025 2.321496 0.125000 1.719751 
655.542366 203.119619 656.439310 189.346626 1.653519 0.125000 0.277653 
669.681209 190.658149 668.061693 205.618147 1.511808 0.062500 2.986923 
722.412776 615.519424 735.600315 609.322469 4.729525 0.125000 0.593088 
60.655384 595.790059 44.348161 595.333376 2.848945 0.125000 4.584870 
614.498605 345.347439 594.092225 336.259987 2.034047 0.125000 3.349217 
736.821803 481.064724 755.599424 483.336411 1.391080 0.125000 0.277653 
811.923027 546.512207 789.322661 543.520366 1.895365 0.125000 0.352193 
709.963104 623.197059 721.182580 616.892736 5.718582 0.125000 2.053594 
858.157345 370.087315 843.061583 369.179205 3.095969 0.125000 4.283565 
640.896982 354.860770 615.548648 345.839538 2.594366 0.125000 3.230347 
701.893799 486.608413 726.857809 488.368793 1.598614 0.125000 5.696193 
789.261603 546.415697 807.985040 549.100910 2.129430 0.125000 5.256860 
860.493966 643.050935 877.582351 612.818279 2.318361 0.125000 21.239098 
145.611370 420.722817 128.102963 418.283152 1.928084 0.062500 0.549697 
859.346978 373.741919 890.591094 372.358973 1.834265 0.125000 18.339453 
899.332944 392.287199 923.090702 394.711160 1.497297 0.125000 3.486678 
378.605034 378.114345 378.827495 388.137152 1.471592 0.062500 1.809026 
665.324603 356.839111 671.891048 301.876917 1.982601 0.125000 34.947489 
69.200956 642.231841 80.508739 640.028372 2.692928 0.125000 3.890013 
877.794854 629.218577 884.261070 615.571020 2.259243 0.062500 2.204901 
919.398575 369.959980 898.130990 369.206029 2.409859 0.125000 2.164976 
691.650670 140.593462 689.361915 156.873160 1.759903 0.125000 0.837704 
810.561915 650.862983 834.610190 657.237770 2.911327 0.125000 5.715251 
915.427139 648.062125 921.412176 629.227926 1.681069 0.125000 1.597273 
86.841367 580.258480 115.578796 577.621482 3.060652 0.125000 7.114682 
435.604037 409.372303 433.348786 426.903788 1.754345 0.125000 4.793103 
537.926024 314.878233 471.657194 288.675855 2.028145 0.125000 28.997052 
130.680150 533.673930 115.705715 535.178386 2.112609 0.125000 1.719751 
104.377152 535.681537 90.599535 536.205872 2.688339 0.062500 3.307938 
144.387150 574.514784 179.340364 571.476534 1.787485 0.125000 10.986973 
677.560814 304.328283 676.207390 320.673224 1.666259 0.125000 2.986923 
693.587056 290.674268 692.180793 268.184039 2.339113 0.125000 6.786498 
183.205882 573.779143 170.741880 575.320273 2.007503 0.062500 2.059016 
262.935228 495.483826 261.078537 514.419471 2.878236 0.125000 16.533273 
855.530923 503.843870 879.363509 506.962805 1.830053 0.125000 3.299751 
947.572014 616.873647 947.489425 650.626503 1.332577 0.125000 24.661083 
673.795571 155.684864 675.133956 140.692754 1.823205 0.125000 2.083833 
838.037622 369.467324 824.345639 368.576048 2.900703 0.125000 1.597333 
21.907880 442.176844 36.866547 440.547400 1.513372 0.031250 3.358734 
466.898050 286.817733 450.748718 280.317626 1.250000 0.062500 1.809026 
896.737712 499.131985 928.086692 503.405980 1.970511 0.125000 6.212425 
89.404589 536.113751 64.420481 537.626265 1.625393 0.125000 1.802356 
257.189543 341.890458 255.409310 378.114400 1.309851 0.125000 12.920913 
