633.911263 323.029324 595.574447 7.979046 4.419442 0.125000 533.499191 
607.804097 4.412871 644.983255 319.450735 4.672537 0.125000 472.854277 
859.367614 119.106705 888.095845 118.315878 2.361466 0.125000 16.122354 
680.952470 311.782934 543.160699 350.751230 4.482033 0.125000 221.394690 
885.631422 115.821162 860.617309 116.640094 2.539563 0.125000 16.279904 
474.324931 354.197969 456.484336 359.243699 3.790722 0.125000 16.166802 
499.374985 382.122468 496.090699 365.532805 3.435852 0.125000 12.800838 
858.394546 201.429183 874.722052 211.300993 2.810779 0.125000 2.993371 
584.669509 3.647775 563.152146 0.442751 4.208814 0.125000 17.094724 
497.540229 365.246553 563.760771 409.677436 5.310158 0.125000 119.567059 
484.753667 393.224254 499.100185 382.361218 5.253384 0.125000 10.157429 
522.204215 347.599499 474.772324 355.507989 7.192295 0.125000 81.465878 
751.837051 309.178262 777.102572 304.304803 5.707016 0.125000 33.592186 
766.381176 304.944953 773.757004 295.159197 4.769052 0.125000 2.644763 
742.318614 281.005085 718.765612 308.494860 6.778252 0.125000 48.507237 
562.803239 408.358940 822.850589 326.008462 4.984868 0.125000 418.670782 
873.046233 204.582131 858.956957 199.224315 5.117793 0.125000 2.394537 
530.966060 339.803790 522.109508 346.848295 6.047319 0.125000 2.959876 
477.952385 280.645639 478.527778 250.608770 3.916898 0.125000 27.580411 
389.987484 108.005192 384.386700 79.372711 2.693465 0.125000 26.209397 
407.399530 108.257339 401.019226 73.281109 2.683736 0.125000 32.943858 
399.117541 77.946295 404.109642 105.672777 2.657983 0.125000 23.273077 
385.135499 114.466289 377.632340 74.233760 2.603818 0.125000 40.005853 
374.615943 71.830440 383.175948 118.115578 2.500531 0.125000 48.438135 
733.091042 301.761038 740.663610 299.504572 2.611878 0.062500 1.807668 
381.247747 78.003167 387.837547 111.686689 2.906734 0.125000 36.472317 
328.054054 98.258592 335.975350 102.465283 2.931406 0.062500 1.308591 
400.566197 103.367821 396.364328 80.719744 3.319969 0.125000 22.396778 
780.525821 285.074689 745.520425 280.112751 4.969735 0.125000 38.799823 
387.962884 82.894925 392.478679 104.247329 3.081317 0.125000 20.900396 
389.264358 112.444268 406.709833 109.608796 3.239162 0.125000 7.649818 
335.822371 99.026839 327.465066 94.289118 3.082272 0.125000 0.862569 
403.252184 69.576319 410.612533 110.627235 2.554007 0.125000 39.122026 
409.453764 112.403219 386.713815 115.794038 2.657015 0.125000 21.073588 
859.290357 113.734349 889.397898 112.386458 3.746248 0.125000 25.274297 
345.008759 95.531476 354.872381 100.787413 3.011648 0.062500 2.865996 
773.544584 294.776178 781.469694 286.487473 4.636284 0.062500 1.522265 
339.995748 117.564448 346.553932 110.202514 2.698192 0.031250 0.648025 
339.541061 77.011241 334.967634 82.585678 3.246214 0.125000 0.302518 
403.005575 107.338119 391.823433 109.035231 2.846824 0.125000 3.011788 
858.025834 128.127457 857.715606 115.604176 2.684967 0.125000 4.817968 
384.307682 118.945726 411.912907 114.616726 2.349132 0.125000 22.195989 
711.916869 313.679768 751.877930 310.663825 5.879498 0.125000 55.752354 
334.727730 91.258876 326.384230 86.482243 2.790656 0.125000 0.302518 
378.263098 72.742679 402.008440 68.963414 2.861875 0.125000 22.195989 
385.650593 78.276276 396.998735 76.356375 3.090515 0.125000 0.774265 
427.066629 361.357647 482.523038 346.852614 6.976378 0.125000 77.933185 
768.143550 299.167799 750.671680 297.603596 2.378578 0.125000 2.472374 
349.239114 350.106292 336.622577 353.411441 5.844996 0.125000 6.278121 
344.140133 337.077421 352.814679 347.142451 3.395032 0.125000 2.651595 
237.059190 395.077000 443.526252 340.904283 9.780679 0.125000 695.501808 
449.143668 349.454716 425.573385 354.113884 5.660840 0.125000 19.975802 
716.907697 310.341488 700.728723 308.475616 2.244236 0.125000 1.622198 
413.382586 113.079356 405.385032 67.946024 2.087998 0.125000 32.943858 
399.515111 72.669513 381.901563 75.775626 3.184772 0.125000 17.732747 
546.208736 348.203977 530.715966 340.436888 11.743532 0.125000 26.044972 
409.756645 358.286125 394.203919 362.492433 2.739640 0.125000 6.836467 
269.506383 355.173718 284.511606 352.705473 3.075516 0.125000 9.718406 
891.235423 115.602195 890.788692 128.130837 2.632040 0.125000 4.817968 
316.748118 77.248705 347.018454 72.865743 3.907194 0.125000 40.169340 
324.217257 129.407168 319.857248 108.026658 2.497652 0.125000 9.303228 
568.214885 253.886768 537.862862 248.298865 3.235369 0.125000 32.503317 
448.700091 327.676751 438.778519 334.793429 3.929997 0.125000 4.308430 
262.642334 367.298866 268.920466 355.933435 3.772254 0.125000 1.389696 
286.553662 354.297010 282.976542 369.035588 6.698765 0.125000 3.987002 
395.035898 213.225577 392.891415 200.664880 2.885078 0.125000 7.527238 
848.671185 126.817956 845.929128 160.649650 5.252463 0.125000 30.063073 
764.313949 123.502447 779.414942 122.445861 3.279123 0.125000 10.335268 
851.786505 293.136009 849.585566 275.443308 3.875625 0.125000 7.052313 
889.376644 129.506197 860.615497 129.866532 5.093564 0.125000 40.924059 
330.451490 341.364313 343.180862 337.039418 2.814845 0.125000 7.054665 
380.968129 122.837204 371.288610 69.255120 3.555421 0.125000 62.858391 
780.789598 119.192660 763.200763 120.441799 3.917680 0.125000 9.663408 
27.249496 441.820836 28.691780 451.793026 3.189962 0.062500 3.579835 
320.014498 108.243607 314.359380 79.135187 4.193060 0.125000 15.045925 
850.683709 568.030569 948.467833 628.823561 4.047134 0.125000 115.535861 
706.817989 285.179687 738.193854 281.162820 4.800787 0.125000 14.659741 
568.972019 314.404425 569.744365 259.362643 5.209967 0.125000 67.371128 
686.687889 309.948621 710.698140 312.412165 4.846302 0.125000 19.147023 
436.600555 333.706281 426.492989 328.934108 6.782084 0.125000 1.991027 
678.234983 298.296385 689.612478 290.995056 3.633151 0.062500 2.419912 
448.043413 250.514988 446.487897 269.343019 3.109035 0.125000 17.732747 
27.000024 456.038918 0.522724 464.036395 2.666880 0.125000 26.664839 
463.171859 247.878238 453.061697 245.958353 3.270419 0.062500 2.442411 
420.430114 323.422399 399.561843 309.747394 8.653209 0.125000 49.247873 
282.980778 368.216767 267.749984 370.113295 7.442524 0.125000 10.673181 
403.233894 66.364414 376.820411 70.254327 1.965154 0.125000 16.558138 
690.378616 290.811142 698.957948 288.824215 3.278102 0.062500 0.178789 
532.998552 250.615652 529.019286 304.441114 3.831954 0.125000 77.374176 
430.848913 386.836808 426.771155 362.929506 2.435585 0.125000 12.800838 
822.922058 325.173039 788.256580 316.357582 3.388777 0.125000 23.413623 
437.957255 337.469311 375.394672 353.474683 2.505892 0.125000 73.451107 
678.371984 305.149682 686.323218 309.281286 2.838266 0.125000 0.302518 
948.432181 625.130822 853.908696 566.375169 3.155964 0.125000 121.469872 
764.390531 287.993898 744.521301 285.640050 3.282793 0.125000 10.243007 
423.385848 356.632306 428.045126 385.637831 3.702535 0.125000 13.559251 
850.090464 274.483503 852.027831 261.708610 3.221437 0.125000 5.034696 
480.320337 323.149292 477.135338 283.203910 4.181075 0.125000 28.741487 
851.340907 0.614537 852.802611 100.629712 2.865065 0.125000 105.205479 
414.358567 116.779210 382.960410 122.165571 3.309407 0.125000 32.307692 
272.485798 162.995811 242.658394 21.973691 2.987935 0.125000 132.640440 
452.635899 366.931508 487.573483 390.698302 15.214670 0.125000 186.155269 
162.032201 30.562856 146.802655 32.578338 2.970377 0.125000 2.651595 
864.332930 214.393500 859.837753 204.171502 3.814118 0.125000 1.005816 
134.371504 34.348116 114.224559 36.968195 3.768749 0.125000 3.442364 
37.521535 449.628895 42.017206 438.180844 2.991137 0.125000 0.033619 
494.673647 30.901239 511.120903 161.969629 7.130364 0.125000 219.179684 
216.610017 220.688437 171.433128 31.980785 3.404421 0.125000 167.460540 
0.595715 49.154389 251.734478 15.816434 3.180335 0.125000 287.896859 
475.648217 249.145456 463.274797 247.893967 2.864672 0.125000 3.511543 
598.047825 257.146678 551.965571 244.056165 3.321120 0.125000 46.772450 
314.068236 198.480260 320.201630 179.240038 9.147959 0.125000 24.066317 
194.473894 26.385869 174.326841 29.004477 2.913154 0.125000 5.422197 
880.216966 195.048909 887.820765 213.756720 7.710042 0.125000 15.693989 
763.157250 163.903528 784.308286 165.350312 4.305913 0.125000 11.934699 
407.241906 65.560727 415.825202 114.558899 2.956735 0.125000 34.394023 
381.313554 202.996318 383.655170 215.525918 2.606522 0.125000 0.758291 
227.388260 204.546861 186.543540 29.452321 3.282084 0.125000 156.107303 
853.347464 130.622996 854.552277 264.373403 2.803903 0.125000 126.838571 
245.154102 23.225487 273.650182 156.762929 1.953739 0.125000 98.465024 
399.740544 309.580892 365.904533 285.753084 6.707688 0.125000 73.221956 
290.673370 300.891904 229.259642 24.400623 3.124414 0.125000 253.209796 
851.477388 260.631863 851.253445 206.872382 3.583343 0.125000 37.920367 
346.916320 304.573002 335.385897 306.979250 3.213350 0.125000 6.624148 
850.050398 118.132094 848.599689 0.619140 3.178738 0.125000 129.790390 
874.011071 223.510335 864.981729 214.982584 6.159419 0.125000 6.278121 
225.605235 319.379430 240.400736 385.395111 2.544901 0.125000 56.030141 
777.120973 304.389255 786.673965 296.627568 3.759253 0.125000 0.593173 
365.825991 285.220664 347.855649 289.491711 4.635426 0.125000 10.908129 
553.165107 239.190552 594.369518 248.150213 5.205439 0.125000 41.828278 
266.143492 253.289471 214.987884 25.768248 3.274715 0.125000 200.263326 
835.281155 111.881870 833.057799 0.601368 4.223676 0.125000 152.754828 
241.598674 208.188357 209.478842 68.101191 3.002379 0.125000 120.561300 
102.997204 38.457548 64.301544 43.847658 2.476093 0.125000 31.810476 
319.427480 181.234833 333.166540 180.847153 6.388544 0.125000 8.358294 
412.827398 214.115951 426.774504 211.365417 3.437281 0.125000 3.478727 
371.920183 68.436593 404.460983 63.717962 2.511350 0.125000 27.095502 
548.132951 245.598661 578.393972 254.734028 2.551346 0.125000 23.092712 
854.807441 289.375960 854.410697 468.125079 1.552411 0.125000 114.091857 
64.349378 444.277988 181.902963 413.230876 3.693891 0.125000 183.535255 
345.981962 290.554909 348.248141 302.096262 3.198051 0.125000 3.354781 
476.958146 246.866982 475.143660 228.050876 2.728425 0.125000 3.800067 
184.075527 148.198529 170.557435 93.141589 2.238374 0.125000 58.039432 
334.384526 183.176294 349.333218 180.400025 2.001476 0.125000 1.205608 
63.229443 43.999786 40.604235 46.701079 2.630559 0.125000 11.021334 
446.222496 276.845120 444.848963 306.839463 2.840471 0.125000 29.755723 
510.571899 283.302280 480.636778 274.335680 2.637704 0.125000 28.453695 
608.634831 251.841397 613.665721 328.171748 4.688676 0.125000 106.583718 
162.868698 122.880489 152.147180 79.308027 2.427589 0.125000 49.069378 
375.708268 201.144110 357.037647 204.138976 3.062373 0.125000 12.968161 
761.908574 341.157326 684.402766 337.531470 13.771436 0.125000 270.049704 
509.257301 290.998456 479.459369 281.607298 2.825113 0.125000 22.933740 
241.884903 385.663008 430.530473 336.512195 2.761417 0.125000 141.765066 
582.258742 257.730400 591.742403 259.943268 6.451691 0.125000 0.717438 
170.290023 91.951701 156.822915 33.136926 2.585035 0.125000 54.420820 
572.457939 339.709707 568.212135 315.391544 6.098296 0.125000 36.001184 
357.089290 126.757250 344.107973 129.214103 2.820744 0.125000 1.622198 
187.409653 89.244426 196.685728 127.226502 2.568937 0.125000 22.275788 
39.592157 438.775458 29.093094 442.280596 2.770870 0.125000 3.914878 
208.058579 397.805198 231.821969 392.869669 3.577470 0.125000 23.846983 
0.494485 466.437363 23.210809 459.662731 1.428946 0.125000 5.721058 
852.508949 101.844963 853.811790 129.342460 3.686639 0.125000 11.956343 
5.341066 468.295037 29.092509 462.050527 2.099996 0.125000 3.623904 
351.744202 179.908230 396.839264 171.679168 2.145257 0.125000 36.861763 
252.116595 116.821142 259.373763 149.375276 2.595418 0.125000 24.709570 
21.890615 49.494781 6.981041 51.438429 2.370612 0.125000 2.487681 
584.573089 421.228406 700.997023 383.008234 3.275104 0.125000 193.367878 
837.321169 168.169727 836.502537 130.578668 8.096956 0.125000 69.977941 
501.117744 111.808383 497.731199 86.759245 2.142518 0.125000 12.089791 
330.685602 188.453145 448.105216 166.767873 2.929158 0.125000 142.094893 
425.620936 164.356087 450.544651 159.001038 6.635707 0.125000 27.989021 
239.488683 124.349374 244.557123 146.833946 2.044031 0.125000 10.607322 
196.987716 128.098752 203.448050 155.840860 3.568865 0.125000 11.017157 
27.486387 470.959579 34.240589 458.617388 4.986250 0.125000 1.666660 
183.886138 409.659232 208.332420 397.284766 4.984147 0.125000 20.547309 
276.516041 159.451908 247.288583 23.036389 2.094987 0.125000 111.135217 
598.087690 539.379548 583.903683 423.030072 2.935425 0.125000 140.370081 
151.865484 78.127202 141.956728 35.316763 2.695717 0.125000 44.972799 
438.359360 244.145746 425.940049 246.997183 2.815748 0.125000 0.774265 
374.550593 353.800845 264.509078 382.391055 2.419666 0.125000 78.750316 
836.499617 213.099171 838.229361 187.960163 5.846266 0.125000 17.892927 
435.385227 202.137887 418.000098 206.360797 3.019458 0.125000 8.451059 
226.470215 315.727723 184.186342 149.105662 2.715614 0.125000 123.140204 
249.439662 11.134237 110.548233 28.770434 3.759380 0.125000 122.496280 
239.944224 312.046906 217.156558 221.803903 2.521434 0.125000 80.603950 
39.411319 47.179636 23.242121 49.107369 2.630400 0.125000 7.054665 
695.787323 285.984782 680.044181 293.087644 2.612613 0.125000 0.377058 
262.938432 165.667413 292.513455 295.764023 2.163845 0.125000 128.772215 
203.816138 156.703377 242.320753 311.764311 2.670471 0.125000 89.163986 
353.067797 175.424955 370.566703 170.421128 3.436642 0.125000 8.575530 
885.726809 273.130200 885.160193 284.223566 6.433153 0.125000 1.766892 
266.703312 364.519572 279.288024 362.564999 3.237749 0.125000 3.324616 
425.282106 263.484474 438.263948 258.485860 6.643674 0.125000 9.882273 
480.568995 277.057510 508.156314 285.522952 2.579821 0.125000 20.489562 
851.510689 531.876922 852.015238 299.375304 2.638337 0.125000 113.031152 
794.558931 328.762396 760.739433 338.521557 9.422697 0.125000 108.348852 
172.910916 221.006316 132.406342 65.486614 2.975306 0.125000 122.513943 
860.613958 123.904650 883.130894 123.376048 1.719042 0.125000 10.335268 
329.334479 285.631826 325.545186 263.138446 2.478545 0.125000 8.490144 
449.480910 200.429645 435.619640 201.821625 3.224877 0.125000 5.892271 
509.372754 520.620234 500.284854 524.903264 2.261436 0.031250 1.078173 
534.238544 598.324047 529.013183 561.926944 3.179036 0.125000 18.624194 
494.348995 63.128030 490.850222 33.098759 1.964909 0.125000 9.408344 
837.727162 299.379074 836.856589 214.375189 2.538273 0.125000 75.513899 
469.673108 346.681708 450.672134 352.042075 2.621310 0.125000 4.443118 
845.196901 171.603180 847.216109 186.994241 5.871701 0.125000 13.494209 
235.640211 105.622043 239.055388 123.187142 3.203929 0.062500 3.234747 
246.383396 154.208338 250.806393 174.335138 2.830631 0.125000 2.896031 
466.796626 89.384159 461.829731 46.880290 4.014824 0.125000 46.548595 
191.742816 233.159484 163.653472 125.487133 2.524061 0.125000 85.109458 
172.771169 91.959915 177.513719 111.721717 1.896266 0.125000 3.511543 
233.324189 28.086600 237.640694 50.477389 2.735726 0.125000 5.605431 
439.321601 209.189577 451.529127 205.673991 4.968141 0.125000 3.931369 
243.559616 75.795724 251.449057 113.475907 2.645733 0.125000 20.242299 
331.769324 305.471304 316.760285 306.601249 4.704371 0.125000 12.837164 
726.874027 279.370229 696.848703 285.496106 1.999055 0.125000 6.412065 
837.331785 186.906922 837.660286 169.342930 7.592188 0.125000 33.726261 
209.252688 115.653058 215.285795 141.952813 3.196490 0.125000 4.808165 
231.088942 390.774421 217.996553 321.899416 4.039169 0.125000 80.057088 
377.008899 260.075261 346.914154 265.829768 3.448507 0.125000 41.310510 
784.377550 169.142813 766.865934 168.950489 3.873322 0.125000 9.521167 
374.412851 271.088451 389.516286 269.854927 5.492162 0.125000 12.023391 
494.729090 526.670034 382.037148 564.853552 2.827489 0.125000 70.596854 
0.384717 439.685763 27.123230 432.845300 3.041614 0.125000 22.933740 
223.516091 328.051378 235.718416 392.872106 3.916518 0.125000 50.856562 
836.878049 130.921720 834.757810 113.079510 5.260073 0.125000 8.047575 
183.938019 137.909299 189.306267 158.143236 1.849295 0.125000 6.167877 
137.951279 145.670258 111.197328 42.975897 3.233678 0.125000 81.989211 
527.400060 553.241553 520.550245 510.637019 2.821532 0.125000 30.874466 
594.629318 248.552653 607.096652 252.408279 4.234970 0.125000 5.264954 
156.260073 269.540913 94.887293 42.074041 2.718743 0.125000 183.387923 
253.532493 309.274216 227.546925 204.208814 2.413903 0.125000 73.732140 
476.396594 158.019014 470.742811 116.858817 3.402066 0.125000 51.302249 
291.391817 229.483382 284.892584 200.508901 3.134807 0.125000 30.062569 
527.567252 304.163027 529.109087 318.290443 6.213107 0.125000 16.026862 
846.130685 188.059096 848.596136 206.976507 5.442699 0.125000 11.313273 
448.066660 157.087777 422.569507 0.308763 3.658551 0.125000 184.219739 
323.078484 298.134357 319.790923 281.791333 2.697415 0.125000 1.183837 
377.881149 171.235247 395.241238 164.618186 4.116899 0.125000 2.714537 
238.064131 385.638130 231.344888 354.489353 1.653047 0.125000 11.212145 
214.343392 78.132285 246.283916 216.723142 3.007181 0.125000 92.952474 
265.324797 305.697252 242.127461 209.314238 2.092785 0.125000 74.695107 
317.807628 303.254545 328.375971 300.261031 2.906002 0.125000 0.758291 
252.676669 181.978583 260.185087 214.476638 2.906255 0.125000 12.450512 
318.166073 263.843665 311.946442 234.098688 5.550349 0.125000 64.171462 
503.328806 132.095905 500.442692 118.427434 3.737290 0.125000 5.264954 
515.741858 233.848675 485.564288 227.148443 2.171778 0.125000 13.566041 
480.560312 284.570110 497.067916 290.043131 1.579864 0.062500 1.308591 
519.261809 649.079361 497.133977 657.551413 2.881667 0.125000 6.608536 
528.814654 317.654615 535.269081 327.117758 4.835014 0.125000 4.609736 
334.551507 348.720398 347.871980 344.771508 4.083221 0.125000 9.303228 
851.413609 185.632957 850.723602 145.623300 1.767117 0.125000 25.905131 
178.534083 115.527134 183.398046 135.858719 2.326666 0.125000 2.807487 
209.845646 67.048270 201.165342 28.004869 2.575494 0.125000 27.210759 
438.681219 499.512816 426.740451 439.401728 2.452089 0.125000 41.116898 
509.589614 234.779436 546.906498 244.250900 3.671697 0.125000 24.024074 
283.041185 303.985293 306.512037 298.937367 3.495432 0.125000 9.101901 
506.871614 348.125512 504.226854 330.647417 1.984007 0.125000 5.721058 
133.099448 65.947134 126.046238 38.018618 2.705293 0.125000 21.356553 
332.087262 258.616190 326.057457 230.532149 6.897945 0.125000 90.135051 
444.036256 456.935358 450.920622 495.572326 2.107707 0.125000 14.726538 
284.677315 199.581859 276.205784 160.771075 3.508773 0.125000 40.015854 
68.951406 238.250340 55.601025 193.132094 2.348083 0.125000 47.269176 
294.788954 240.943246 291.820756 233.145648 2.963749 0.062500 0.930703 
885.704959 211.618347 883.758957 220.489868 6.104855 0.125000 3.202784 
126.330356 424.543138 69.075997 239.081415 2.709959 0.125000 160.116305 
229.179070 78.168255 234.995372 104.514002 1.775525 0.125000 8.584013 
600.573636 549.246084 708.389559 506.289005 3.066588 0.125000 148.276804 
839.775511 0.609665 840.286577 55.616531 4.167913 0.125000 78.164158 
376.981764 289.809431 420.557521 279.100422 2.407155 0.125000 21.227367 
29.050851 516.303324 45.101757 507.202199 3.407836 0.125000 5.809702 
700.983243 384.435143 708.738117 499.417954 3.320932 0.125000 157.508975 
178.650707 49.260072 187.191799 88.329013 2.096084 0.125000 18.763442 
195.221554 54.464583 208.564384 114.554994 2.446368 0.125000 23.374406 
306.605982 297.215800 294.138942 241.647517 3.283702 0.125000 61.981590 
55.114140 192.026434 13.974911 53.243598 2.572393 0.125000 121.250686 
476.515365 227.002279 506.739384 234.894364 2.519528 0.125000 6.278121 
278.356750 303.070171 266.771917 254.103655 2.432840 0.125000 26.423508 
317.513297 230.742476 323.479177 261.806981 4.772131 0.125000 58.480269 
612.005873 650.608837 599.653475 550.590608 2.619490 0.125000 108.486717 
124.141194 316.942255 46.819511 48.140962 2.932139 0.125000 237.837188 
189.476640 159.349544 204.502447 219.343080 1.842100 0.125000 44.872967 
237.673865 48.215472 243.168908 75.616194 1.962955 0.125000 12.089791 
440.651654 272.516194 429.368661 272.675214 3.784859 0.125000 1.183837 
782.351094 163.169490 781.497890 124.355812 3.721623 0.125000 46.701129 
846.043231 161.772009 848.289165 170.892392 3.940110 0.125000 0.033619 
215.584256 142.832559 232.327801 212.067791 2.842811 0.125000 33.170037 
522.355411 60.538403 526.183331 81.774357 3.025282 0.125000 3.931369 
719.421018 377.015956 808.104754 348.062987 3.103535 0.125000 115.710359 
375.558906 177.769153 330.712982 186.098691 1.263652 0.125000 18.364318 
339.574761 235.360013 454.414627 212.070397 2.698567 0.125000 114.467723 
405.590246 279.216994 372.086454 286.586346 3.784263 0.125000 15.783864 
834.339102 568.259869 848.422217 572.008350 3.380436 0.125000 2.189841 
123.404366 204.639608 79.777095 44.606150 2.951370 0.125000 112.316231 
493.276972 532.352557 470.678763 539.543945 3.140392 0.125000 8.076027 
590.882593 281.886192 591.589677 265.612603 1.791432 0.125000 6.624148 
349.055347 279.218258 375.096884 273.300849 8.088405 0.125000 42.525069 
260.269063 215.413326 280.799604 302.129606 2.239422 0.125000 46.774345 
492.909215 585.035984 445.781154 602.301246 2.161169 0.125000 22.524815 
518.251068 607.163167 532.087226 601.110108 2.290409 0.062500 2.229767 
830.807127 6.879400 830.142455 34.393540 1.430764 0.125000 4.817968 
405.486416 169.796779 425.552087 166.439250 2.259429 0.125000 0.377058 
723.353438 509.813379 715.406010 513.954750 2.310587 0.062500 1.833891 
474.249528 338.813525 456.897745 334.287796 10.307232 0.125000 35.583036 
524.570685 356.306195 509.387316 360.667872 2.302038 0.125000 1.622138 
842.126654 56.824174 841.503393 84.394857 5.026973 0.125000 22.525823 
434.812269 413.028248 430.682169 394.362351 1.630814 0.125000 3.011788 
510.717448 525.881292 491.732333 532.729487 2.120712 0.125000 8.829968 
16.696516 488.008172 27.517056 471.477066 3.099617 0.125000 11.868171 
90.469532 405.675196 26.221260 206.682487 2.373454 0.125000 158.065965 
95.920827 161.792188 67.963277 61.920272 2.697695 0.125000 70.462605 
190.603582 339.380801 138.436950 146.790503 2.891939 0.125000 140.853377 
594.351500 263.124416 593.854651 283.112065 1.529178 0.062500 0.178789 
836.598874 393.123497 836.801389 524.377042 5.142715 0.125000 251.545326 
51.431783 234.522326 44.324816 213.141681 1.597048 0.125000 6.624148 
736.656497 517.197187 725.466705 509.608409 2.437739 0.125000 4.817968 
850.625000 564.375000 850.625000 533.125000 1.250000 0.125000 8.430328 
204.701167 220.538750 211.288463 245.449557 2.097365 0.125000 4.609736 
380.372957 385.676004 385.915659 413.066182 2.931722 0.125000 9.883245 
443.268770 518.541238 430.558166 522.931505 2.040474 0.125000 2.108698 
446.412709 553.265916 464.429627 545.756055 3.653284 0.125000 0.943373 
107.817712 414.471975 51.308744 235.409223 2.374697 0.125000 98.306504 
436.912624 178.280270 413.335403 183.993315 2.467046 0.125000 12.725641 
475.520497 268.125876 475.656690 284.374734 1.270910 0.062500 1.807668 
35.573825 334.392370 -0.000133 229.587189 2.410638 0.125000 68.250464 
155.187228 81.985332 161.781159 108.148651 1.507741 0.125000 1.698530 
763.080942 148.128106 764.133211 163.053921 3.389088 0.062500 2.419912 
252.429844 241.734951 256.213846 256.726369 1.529596 0.062500 1.833891 
484.357133 221.941577 515.698201 230.352225 3.475179 0.125000 32.274001 
123.308813 366.820393 68.004609 180.660766 2.637814 0.125000 112.767325 
147.339034 392.985012 124.723746 318.019791 2.219597 0.125000 50.419961 
701.729726 502.733744 600.510487 540.316589 3.085604 0.125000 129.023057 
35.133266 430.361558 0.109911 329.553956 2.450568 0.125000 85.071978 
495.916466 500.232583 465.595363 510.537799 2.699646 0.125000 23.846983 
471.327618 115.732739 469.292908 105.395125 3.438006 0.125000 7.527238 
453.008117 627.384328 435.548397 630.139578 4.093855 0.125000 7.294425 
510.840852 495.724524 496.654058 497.993655 3.900357 0.062500 4.646690 
43.923596 212.004428 32.045169 170.576209 2.067132 0.125000 13.258638 
120.603669 249.380927 114.674441 228.041798 1.939901 0.125000 8.829968 
337.964012 229.405358 330.877797 191.827329 2.386522 0.125000 27.216801 
144.628779 278.047051 136.506746 251.604168 1.757980 0.125000 11.496686 
385.842515 572.710143 404.316053 567.898674 2.633199 0.125000 1.994060 
509.363584 163.671560 488.122851 163.227906 3.905800 0.125000 2.318532 
484.413860 539.480344 511.867010 529.353340 1.845213 0.125000 12.089791 
41.928473 449.406790 53.651556 429.688045 2.817165 0.125000 5.242639 
479.533868 620.957933 495.685094 613.250936 2.410771 0.125000 2.651595 
836.457234 358.123268 836.420881 393.124528 3.779858 0.125000 59.835410 
114.070640 226.958926 96.177184 162.067419 2.450044 0.125000 58.717040 
711.565557 464.395009 710.025863 440.582915 2.575447 0.125000 19.517286 
851.173913 578.511221 948.352863 640.266432 2.613801 0.125000 95.551907 
145.773105 336.832790 121.160189 250.472470 2.229962 0.125000 51.559957 
453.965412 507.042806 479.557346 497.356785 3.064738 0.125000 8.845806 
519.658073 344.284983 514.259741 327.309154 2.706456 0.125000 1.389696 
726.090002 499.292569 809.546210 466.054889 2.795154 0.125000 88.221036 
520.100875 508.202114 518.067744 494.383424 1.782544 0.125000 0.302518 
376.953948 224.817661 340.525067 231.314672 3.252803 0.125000 17.351704 
389.257755 272.567917 425.481699 264.944114 2.382413 0.125000 30.301263 
658.006935 638.586884 636.857065 641.755276 2.782657 0.125000 11.011838 
178.198534 346.854330 157.195416 272.136304 2.179268 0.125000 33.269472 
234.487191 221.846845 239.800323 243.018262 1.512022 0.062500 2.865996 
408.194412 513.335208 345.512154 534.033257 2.407336 0.125000 37.791135 
449.618614 168.085752 453.639317 193.042139 2.070528 0.125000 8.451059 
445.567114 303.568975 451.029997 319.661845 3.214442 0.125000 4.609736 
562.414478 410.549094 572.094124 479.344169 2.668446 0.125000 38.409208 
836.654774 525.600888 837.328262 554.364387 2.908960 0.125000 35.083767 
26.444773 205.758571 0.421434 121.938200 2.637453 0.125000 46.163174 
201.079861 268.005073 192.499241 235.460415 2.098709 0.125000 7.052313 
256.656525 259.428048 267.887694 305.682621 1.804595 0.125000 21.233408 
294.152654 637.658675 310.791888 629.725014 1.928005 0.125000 2.472374 
596.571903 293.103613 598.339618 268.051941 2.405815 0.125000 5.605431 
465.350078 511.081780 442.942372 518.848073 2.409119 0.125000 8.490144 
808.883264 349.385940 809.550350 379.371099 2.249163 0.125000 8.575530 
70.644024 463.118391 64.933563 446.680952 2.461248 0.125000 3.374083 
136.421260 250.754237 123.534097 205.508479 2.579318 0.125000 22.271959 
148.827919 118.260192 154.064673 139.451687 1.813246 0.062500 3.830204 
163.539684 346.758209 144.548146 279.326235 2.101831 0.125000 32.193240 
184.766296 264.274110 173.790113 221.703511 2.070807 0.125000 22.116214 
709.549738 508.114373 715.101615 599.406829 2.158226 0.125000 57.591892 
70.874291 439.709383 36.549028 336.983922 2.021204 0.125000 69.662332 
99.171822 431.943048 90.760912 406.829481 1.996106 0.125000 6.811363 
394.675628 647.482882 423.239541 633.356607 1.760088 0.125000 4.609736 
475.200704 285.641462 476.413193 316.892917 1.674286 0.125000 4.443118 
784.616522 121.909869 785.782080 155.619569 1.853978 0.125000 10.243007 
13.625053 220.471953 2.973891 185.671249 1.658888 0.125000 10.175995 
442.243516 600.445919 464.284303 592.861432 2.071878 0.125000 0.593173 
30.739017 168.091520 15.018139 114.553197 1.846979 0.125000 19.619234 
53.057981 513.092579 70.097434 477.869783 2.648672 0.125000 24.040204 
61.514750 158.228081 49.328224 115.638384 2.407104 0.125000 14.518678 
199.085058 318.197772 191.262011 287.028853 1.835376 0.125000 8.033036 
655.496667 352.677503 633.050334 359.114638 2.412087 0.125000 6.915867 
831.875000 96.875000 831.875000 119.375000 1.250000 0.125000 2.108698 
842.445144 85.559042 843.034873 101.832969 4.951453 0.125000 3.364426 
258.141633 399.369702 264.500678 419.334971 2.108702 0.125000 5.892271 
342.177987 251.815778 339.261987 236.897089 2.213784 0.125000 0.758291 
485.681720 520.791541 518.237014 509.703893 2.040683 0.125000 12.005495 
834.314347 304.377382 836.378903 356.943579 3.698055 0.125000 33.012102 
109.522459 29.254438 75.696258 33.670787 2.317135 0.125000 18.688744 
321.731121 603.944304 235.499993 632.750795 1.988076 0.125000 41.965461 
853.441479 504.379753 853.009817 533.123270 1.324939 0.125000 6.624148 
853.125000 535.625000 853.125000 563.125000 1.250000 0.125000 5.721058 
27.101797 261.801430 16.977698 230.591686 1.702324 0.125000 7.744667 
71.965102 33.812019 21.843580 40.385428 2.539745 0.125000 20.947481 
208.040584 448.115226 205.008340 474.303599 1.764549 0.125000 5.058784 
249.555439 424.294536 259.118462 445.739399 2.036376 0.125000 1.994060 
503.280885 320.619792 502.571794 299.393481 1.457975 0.125000 0.302518 
48.587534 112.994097 36.944755 71.855259 2.065124 0.125000 20.437400 
140.650364 421.867148 131.410349 392.018840 1.648886 0.125000 5.140537 
592.987786 387.595993 573.033376 392.771758 2.015292 0.125000 0.864637 
276.129776 450.494745 263.935533 403.238402 1.640267 0.125000 15.431679 
431.942672 428.114241 422.617006 369.455762 1.854691 0.125000 20.025072 
500.649649 386.871059 511.454544 454.442233 2.023809 0.125000 29.601586 
57.787981 425.744308 63.456807 441.757537 2.700740 0.125000 2.651595 
833.629172 218.108155 833.929461 249.379278 2.463876 0.125000 13.246286 
215.615370 263.127509 224.712340 298.037094 1.473590 0.125000 10.201330 
255.866176 651.311469 293.155147 638.210809 1.911992 0.125000 16.976805 
443.877211 479.423586 441.436565 454.417793 2.123895 0.125000 3.800067 
55.530286 585.661883 39.019605 543.263397 2.402300 0.125000 21.415585 
373.905095 403.222601 370.514422 386.897967 2.193555 0.125000 0.033619 
231.812181 634.200664 214.329977 640.500052 1.599729 0.125000 0.862569 
412.914183 217.149019 378.184571 224.650786 2.277498 0.125000 10.219340 
154.868399 418.334582 149.277710 398.151950 1.741893 0.125000 0.774265 
306.848553 0.407187 263.135915 5.714890 1.613255 0.125000 18.024226 
485.867318 561.360655 468.223006 567.172537 3.184723 0.125000 0.411249 
810.127927 383.130908 810.766718 436.873316 1.502475 0.125000 20.016985 
326.946454 224.361072 320.849337 193.081272 2.422667 0.125000 15.431679 
444.309039 194.017034 420.670659 198.372786 2.005570 0.125000 8.829968 
169.243535 366.905201 165.236915 349.464152 1.596941 0.031250 3.990519 
387.946821 407.475126 411.948858 400.894382 1.885741 0.125000 3.478727 
544.291196 374.038249 558.118099 370.597268 3.331613 0.125000 1.994060 
854.612136 481.888363 853.625184 499.403185 1.458996 0.062500 2.083881 
45.088194 530.380003 51.359265 516.639620 1.854496 0.062500 3.239884 
213.423031 46.798415 219.156443 69.109949 2.976031 0.125000 6.822922 
842.664056 234.387252 843.128883 251.874897 1.448840 0.062500 3.011788 
199.650713 373.055916 194.050679 350.706263 1.250000 0.062500 0.178789 
300.192675 529.497981 287.649739 485.404615 2.933414 0.125000 20.259692 
438.403936 470.585042 439.807639 480.383961 3.183754 0.062500 0.635970 
348.166274 540.757529 369.311819 534.172129 1.408314 0.125000 1.744617 
424.241848 560.124399 439.492799 556.067879 2.094688 0.125000 0.758291 
824.438774 415.624522 824.176344 380.626490 1.296829 0.125000 11.139598 
410.760646 312.468108 429.393677 308.206665 1.426141 0.031250 3.990519 
163.700232 397.959668 156.586176 373.208013 1.877626 0.125000 0.593173 
824.505643 466.874555 824.343765 419.375106 1.288332 0.125000 20.170498 
213.256483 478.106358 210.427397 458.153017 1.588575 0.062500 0.039076 
428.221263 273.528565 405.804082 278.875767 1.963277 0.125000 5.034696 
285.338447 501.986303 292.064077 519.301558 1.877793 0.062500 3.987442 
429.188509 433.166021 436.878045 468.124330 3.125377 0.125000 12.656438 
825.285935 495.631651 824.868801 474.365314 1.568438 0.125000 4.215371 
332.846138 229.420254 337.520267 258.223136 2.435242 0.125000 3.255212 
