559.333198 306.010903 571.955893 307.378213 2.612806 0.125000 0.964798 
608.216959 290.526629 618.542149 300.178762 5.478866 0.125000 11.026927 
619.166780 299.926403 630.665240 304.268438 3.794430 0.125000 3.685233 
604.269858 282.492770 608.320063 289.826987 3.710493 0.062500 0.842476 
736.836760 313.917514 754.416460 314.765765 4.873700 0.125000 9.052313 
629.399415 345.651373 598.160845 346.248922 3.892752 0.125000 40.375846 
799.331095 248.670989 814.434466 249.885495 2.592149 0.125000 3.561288 
836.898059 228.708755 813.133263 227.886255 4.482779 0.125000 15.504757 
643.616616 265.868541 631.365804 244.669258 4.666305 0.125000 18.330028 
617.826058 222.785315 601.881378 220.578907 4.610123 0.125000 3.461718 
958.194351 356.248571 599.413378 316.528347 4.128267 0.125000 380.758314 
604.627655 299.972322 634.084584 311.375228 3.798046 0.125000 19.603532 
864.278672 235.004724 873.762805 236.455505 3.489122 0.125000 1.069076 
601.598774 244.074146 585.253299 259.081605 4.226967 0.125000 24.831419 
811.919319 230.841276 838.121157 231.964631 4.121354 0.125000 8.402922 
584.159857 291.135308 604.273730 299.615207 2.608625 0.125000 6.295758 
606.099849 220.233018 595.796610 225.935088 4.120046 0.125000 0.799679 
633.571580 308.858077 585.604781 289.424905 3.214568 0.125000 32.199602 
635.119108 209.276990 633.161378 219.382048 4.371980 0.125000 1.390344 
635.584697 311.979095 655.923607 319.853749 4.023128 0.125000 9.820512 
313.014444 280.304501 516.854241 304.549529 3.171579 0.125000 206.234453 
644.372550 280.727960 643.028878 264.382902 3.634980 0.125000 14.745173 
583.503126 287.149537 570.448480 279.683658 4.184321 0.125000 0.185548 
655.626055 309.265475 634.365987 309.060697 2.620279 0.125000 5.471460 
543.125817 303.729838 553.125801 303.742509 5.007915 0.125000 0.799679 
911.899726 269.012147 958.190315 272.166500 2.919121 0.125000 16.911833 
709.304060 349.924729 743.294560 354.311047 3.879141 0.125000 33.794888 
568.117256 328.262180 536.825847 326.495675 3.884948 0.125000 20.912378 
681.820784 303.379445 647.753095 296.120400 4.008101 0.125000 37.085223 
384.396165 154.685454 409.383485 155.248327 5.055034 0.125000 15.252432 
727.990644 328.038697 768.176562 332.678404 4.203914 0.125000 34.247811 
769.284087 332.721334 958.137573 353.007955 2.886220 0.125000 256.229095 
285.577140 299.988781 318.171368 302.530357 2.669723 0.125000 26.643451 
924.443947 262.451479 910.583276 261.032585 2.868888 0.125000 1.828705 
740.692721 355.190675 766.969158 353.009102 4.672584 0.125000 18.592402 
260.577562 223.810084 281.898443 225.286442 1.975933 0.125000 1.212322 
661.872030 320.651197 726.886656 328.022189 3.137566 0.125000 57.118773 
381.882513 307.944030 314.343233 305.140207 3.124599 0.125000 54.538091 
586.870297 387.123196 620.655539 387.763403 4.033515 0.125000 13.852261 
383.131394 306.793868 465.611661 313.294249 3.210329 0.125000 61.189520 
571.430638 286.739117 569.119527 294.296878 3.059842 0.062500 0.864186 
511.772631 344.206476 545.692000 347.417178 4.859955 0.125000 21.296482 
479.556720 317.393800 446.873075 314.395984 3.734325 0.125000 32.639263 
574.149055 302.305336 596.931619 314.267163 3.127125 0.125000 5.116668 
447.870838 147.475325 454.987686 144.691113 3.692173 0.125000 1.412115 
603.134642 399.793418 586.893265 400.167667 1.624016 0.125000 1.828705 
313.193432 304.246206 238.130176 300.520706 2.983429 0.125000 64.613684 
589.298646 396.195213 601.907329 397.883563 2.311985 0.125000 4.121385 
280.583388 171.523285 295.668019 169.738615 5.993416 0.125000 8.389978 
646.700874 312.723629 670.475849 317.601909 3.641721 0.125000 9.325346 
554.375966 344.361182 505.602192 340.951238 3.304973 0.125000 24.909471 
714.470392 362.199716 665.595516 357.160990 3.178999 0.125000 33.834661 
515.781302 337.049877 530.330781 324.045816 3.826970 0.125000 18.038750 
455.588578 144.879362 466.933626 144.325193 6.364528 0.125000 1.873166 
768.047899 151.086167 788.100681 149.126193 4.948180 0.125000 9.732866 
227.793712 164.713583 246.511701 168.617085 6.066103 0.125000 5.921413 
211.820119 296.778140 284.393699 300.232093 2.913834 0.125000 49.223907 
527.890881 351.571281 511.703922 347.566478 3.352607 0.125000 9.509734 
885.632829 364.088540 878.138426 363.883727 2.567363 0.031250 3.218295 
319.326548 303.089897 361.858603 304.786136 2.597639 0.125000 18.330028 
769.427488 327.889198 740.444109 321.437646 5.423743 0.125000 20.255685 
520.957730 328.671724 501.724115 340.377073 4.966898 0.125000 4.892647 
725.613983 315.833614 703.044901 314.641723 2.430599 0.125000 4.816242 
825.617795 219.743778 840.612070 220.036747 1.542787 0.125000 2.315205 
516.828755 324.683926 489.199417 320.547936 3.582796 0.125000 34.642353 
201.789158 153.337233 227.619312 163.784790 4.635202 0.125000 21.153988 
729.416480 325.312903 708.045583 322.472531 3.050664 0.125000 19.340536 
906.914664 364.666666 885.597709 363.784381 6.037886 0.125000 11.809345 
622.232713 144.531738 635.391905 148.837397 5.961981 0.125000 10.643542 
668.152523 304.989666 684.372085 305.692298 2.930452 0.125000 0.253232 
361.584992 161.881563 369.251061 160.093598 4.869316 0.125000 3.561288 
539.496760 331.002232 561.780049 332.280382 4.419145 0.125000 13.700716 
470.539231 358.935867 494.287959 361.447890 3.012072 0.125000 12.331144 
903.037504 339.994105 957.999688 347.761687 3.914554 0.125000 41.756615 
164.376001 140.622885 174.479164 145.404929 6.183927 0.125000 0.431433 
493.086425 328.660789 509.431691 329.837595 3.570708 0.125000 11.227840 
336.786863 165.292250 351.740492 164.459539 4.161200 0.125000 1.667055 
428.285654 314.067127 403.038526 311.463545 2.922026 0.125000 18.964419 
644.319931 290.839518 665.761369 296.343787 3.729740 0.125000 13.026471 
736.778246 155.395986 744.563699 156.133777 3.579987 0.125000 0.102809 
406.869914 274.575279 390.598664 274.162087 1.969391 0.062500 2.014175 
566.518258 281.318619 556.576502 276.205374 3.853213 0.125000 1.212322 
757.087920 378.791850 713.060757 373.678104 3.380216 0.125000 38.305555 
958.152352 344.201657 905.580614 335.906294 3.898999 0.125000 57.266365 
432.958534 149.023489 447.204265 147.542745 5.699578 0.125000 2.855299 
498.281322 343.090643 371.775405 327.693280 4.089848 0.125000 141.381633 
668.203807 335.517451 648.126339 334.351934 5.281364 0.125000 8.793341 
56.781023 142.025918 68.267687 141.043746 3.629873 0.125000 9.539925 
372.873328 323.945579 429.367243 328.227344 6.987874 0.125000 85.929690 
725.507412 367.431460 740.624791 370.625990 4.305905 0.125000 1.235764 
523.000185 368.960441 478.069307 362.247780 3.267977 0.125000 30.811406 
820.599835 375.776030 915.668084 391.616423 3.904449 0.125000 94.023933 
648.157309 333.801156 639.367649 334.221156 2.855119 0.062500 2.040398 
735.660031 371.644443 713.110824 368.218301 2.362441 0.125000 5.628704 
835.756711 368.784443 820.670758 365.419833 3.668937 0.125000 1.556242 
591.915992 391.939346 614.389130 392.716315 1.940306 0.125000 0.006449 
881.939458 371.036363 837.012714 367.583265 5.368469 0.125000 48.435553 
479.285951 328.646027 486.988240 329.962434 3.264121 0.062500 1.137209 
939.375067 158.125895 958.300113 156.701316 6.420024 0.125000 9.731733 
128.119210 304.740798 88.120925 305.002706 4.950784 0.125000 30.027624 
729.456379 377.628157 765.556844 383.541116 2.307634 0.125000 12.826507 
565.646942 141.992608 578.177210 139.654840 4.456675 0.125000 1.556242 
401.961688 311.288938 382.028029 308.340434 2.699784 0.125000 12.296297 
494.508485 368.594950 449.541830 360.900092 2.286289 0.125000 26.641720 
450.707797 358.892044 476.832848 363.370873 2.499323 0.125000 8.239543 
580.614749 140.086855 594.377436 140.158765 3.821791 0.125000 2.614757 
596.563820 265.080518 605.851996 259.772182 6.201787 0.125000 6.815042 
681.917741 342.503631 666.817225 341.464934 2.837224 0.125000 3.580589 
661.867499 346.950776 631.790993 343.973695 2.610970 0.125000 6.009553 
231.977972 254.688967 191.776929 250.266474 3.180764 0.125000 47.170919 
584.372716 259.368744 567.617814 265.485793 4.603681 0.125000 6.765467 
690.631852 316.690008 706.905824 317.292754 2.960938 0.125000 2.851269 
704.200224 369.303794 735.684764 373.971918 2.379314 0.125000 13.981305 
840.344431 151.573804 858.348790 153.871173 6.199732 0.125000 7.654156 
915.614200 158.350840 939.361559 158.100408 6.486918 0.125000 14.888790 
649.599509 342.757970 681.825402 347.232230 3.507657 0.125000 13.166900 
151.463853 137.050882 164.179646 140.717429 5.821108 0.125000 1.478560 
608.001189 417.996087 621.994659 419.541509 2.904052 0.125000 3.580589 
895.592614 331.009547 859.388854 327.960503 2.281376 0.125000 21.470469 
523.158225 307.846474 314.249598 282.926261 3.247722 0.125000 179.253800 
383.152500 272.842144 340.568902 268.702003 3.421404 0.125000 32.198646 
809.099758 150.230894 818.184691 151.418303 5.119831 0.125000 0.253232 
89.364527 329.999658 113.149755 330.398427 2.730141 0.125000 17.939254 
279.380208 259.217255 300.648295 259.919371 1.579266 0.125000 1.069076 
558.012546 296.309991 544.068546 299.085261 3.927811 0.125000 0.318216 
71.791688 298.152327 105.642272 300.360187 3.226910 0.125000 37.931180 
300.548688 167.185024 329.412888 164.841685 4.142296 0.125000 23.040322 
33.037390 143.149955 51.958800 141.796778 4.721282 0.125000 25.707610 
469.376126 281.775991 444.393570 281.491915 2.769882 0.125000 11.285929 
925.593552 325.871577 958.200848 330.030298 2.979534 0.125000 20.827137 
458.104714 328.356618 473.148544 328.056948 6.398129 0.125000 3.842457 
621.740238 387.517575 666.853245 396.978733 3.157016 0.125000 21.339164 
83.033782 138.552049 90.716498 137.700474 3.783117 0.062500 0.245582 
670.271019 152.767695 677.973802 154.040221 4.933135 0.125000 0.980771 
760.784817 362.091803 738.010402 364.573220 7.185086 0.125000 31.678698 
796.872313 362.507058 761.867541 362.659243 5.097772 0.125000 38.441924 
520.527827 337.692411 534.419245 334.571968 3.782586 0.125000 7.017870 
494.343175 357.116116 534.469061 362.412372 2.617121 0.125000 23.550316 
533.076593 322.480965 568.152323 325.282972 3.439476 0.125000 25.021341 
618.122056 411.749597 590.627534 411.808457 3.784779 0.125000 4.538149 
880.551292 392.352459 858.009591 388.872590 2.661442 0.125000 4.427311 
101.876987 299.320154 138.124699 300.633299 2.950901 0.125000 30.789224 
855.779014 335.982889 837.737727 332.868241 4.032350 0.125000 8.282534 
591.897757 315.418833 559.380033 311.829406 3.041628 0.125000 37.068269 
819.504348 365.637682 798.096282 363.399711 2.689955 0.125000 14.933422 
914.405391 395.428030 935.538028 398.688673 3.134307 0.125000 5.449145 
179.350718 312.360860 223.116347 314.548134 2.808850 0.125000 34.305531 
638.143497 370.460858 659.405224 372.856789 2.221952 0.125000 9.665712 
769.372232 259.454179 799.379264 260.503003 2.716795 0.125000 15.548238 
956.794896 327.376153 942.997796 325.170824 2.220810 0.062500 4.397685 
958.703202 421.911458 941.911300 417.970338 4.942185 0.125000 5.856270 
248.121598 254.186485 231.871765 254.134400 3.790046 0.125000 2.327434 
801.879164 257.344940 778.129841 257.218151 3.803332 0.125000 13.239922 
86.889632 305.211753 41.881537 305.998814 2.761884 0.125000 25.851430 
494.458072 362.600888 509.477013 364.981383 1.746948 0.062500 3.218295 
455.675287 309.930855 358.143818 302.865244 2.548322 0.125000 57.112199 
906.847656 399.558306 885.513001 396.375816 2.657063 0.125000 13.174667 
948.196953 415.269157 910.713003 407.689778 3.662114 0.125000 32.629195 
39.383229 299.197387 76.918483 300.936506 2.670883 0.125000 18.431039 
826.977834 336.222995 806.693811 333.023803 3.704211 0.125000 11.833473 
134.244775 134.994346 145.613760 135.786347 5.248517 0.125000 3.881326 
96.702042 137.905249 122.086010 134.918112 4.235287 0.125000 26.015170 
739.575436 364.203120 715.585356 362.403462 5.390914 0.125000 32.846967 
941.942792 324.362423 925.605658 323.485227 5.193869 0.125000 2.118498 
747.008100 179.682236 721.977281 181.821668 3.491511 0.125000 11.660084 
755.586806 384.570286 726.954160 378.970258 2.240682 0.125000 13.875810 
780.688196 322.736977 800.766362 326.007036 3.701233 0.125000 7.753939 
741.322440 370.827231 752.811575 375.198739 5.727482 0.125000 0.431433 
556.911107 320.683387 535.604917 320.037788 3.975433 0.125000 5.856270 
662.378326 151.475375 667.301404 152.977481 4.782346 0.125000 0.509025 
71.677550 141.211003 82.231161 138.072718 4.921874 0.125000 3.199877 
836.954542 333.613007 821.858074 332.037143 2.226934 0.125000 1.828644 
333.020555 266.796299 280.602956 262.122218 3.671792 0.125000 52.754240 
659.429015 375.168794 638.034931 372.635716 2.188710 0.125000 6.957889 
915.588272 404.659496 896.828189 402.237601 3.279647 0.125000 0.617755 
823.124017 214.509712 844.372887 214.664716 1.368469 0.031250 0.009087 
516.864285 301.938669 504.094846 299.789750 2.033120 0.062500 0.385296 
551.990819 310.797884 540.603661 309.573454 3.327591 0.125000 2.678880 
578.151696 374.183954 561.698945 371.884913 3.355910 0.125000 3.409290 
910.654910 257.775161 928.134016 259.269550 2.810356 0.062500 3.063422 
236.844813 316.717923 179.388645 315.130986 2.809653 0.125000 34.991168 
524.403798 366.233219 538.126168 366.848974 1.697016 0.062500 3.218295 
16.892617 318.440115 0.553917 319.353575 2.565878 0.125000 7.042973 
105.633678 335.348236 90.609255 334.877160 4.880024 0.125000 0.394534 
724.381839 311.826193 706.703478 309.349118 3.713721 0.125000 6.237811 
936.905236 347.860668 873.131757 340.565925 4.435982 0.125000 56.063470 
124.367447 134.746638 133.130644 134.715540 3.767720 0.125000 0.135278 
520.593049 362.206654 495.584312 359.797337 2.248741 0.125000 2.614757 
114.489285 329.697153 134.474543 328.244359 4.080567 0.125000 12.024080 
368.103942 342.391829 384.377856 343.054904 1.757850 0.125000 0.102809 
904.377504 318.106313 888.085005 315.923523 3.716791 0.062500 0.129566 
958.174144 350.142355 938.001457 348.088310 3.373509 0.125000 7.616595 
870.617634 336.962769 856.859627 335.808184 2.909378 0.125000 2.694188 
485.692547 297.621981 467.842994 295.225088 3.716641 0.125000 10.553915 
445.662763 315.424998 425.553905 316.148204 4.906916 0.125000 15.269276 
803.157823 322.536245 771.935178 320.795580 2.430915 0.125000 15.548238 
0.607379 316.207069 16.880307 316.699707 1.741145 0.125000 5.024475 
441.809488 326.154438 457.040305 328.039091 6.663205 0.125000 11.223664 
958.086812 386.059359 938.131162 384.304908 2.052496 0.062500 2.402865 
907.884806 360.348268 958.263058 362.910176 9.140484 0.125000 100.961387 
334.373317 341.892086 366.926778 345.099484 2.120257 0.125000 16.328861 
657.613543 209.271610 666.074028 203.822129 2.934260 0.125000 0.188100 
859.308181 330.153824 894.371816 333.162117 2.240353 0.125000 19.752730 
33.079758 271.575228 50.658938 272.412201 4.459318 0.125000 11.660631 
847.013743 384.711245 836.868055 383.170742 2.096376 0.062500 0.864186 
930.698844 301.255855 958.254130 304.542313 2.983432 0.125000 12.229897 
90.673851 279.880163 23.136432 275.450686 3.434964 0.125000 43.461135 
299.337395 258.535020 280.630110 256.819287 1.587268 0.125000 2.315205 
143.115011 333.946223 106.855569 334.790923 3.227125 0.125000 12.570365 
625.624411 358.127832 599.465833 352.688195 2.193148 0.125000 0.318216 
788.223653 398.800320 761.891312 394.279975 2.252471 0.125000 10.382501 
926.915028 251.353671 911.716699 250.186746 3.643302 0.125000 0.789210 
889.423799 319.034562 906.922610 321.542853 3.538884 0.125000 5.220244 
943.122298 267.358690 923.122547 267.429205 3.785234 0.125000 2.197533 
384.393104 345.323663 368.126718 344.346398 1.922420 0.125000 0.964798 
429.302082 326.334272 440.722348 326.759300 4.996541 0.125000 5.811937 
879.332719 295.903147 921.987189 302.386955 4.211896 0.125000 34.259003 
671.876600 316.812990 690.646358 317.297374 1.475317 0.062500 2.040398 
909.355369 297.032884 864.275194 291.427702 2.782797 0.125000 34.305531 
521.879239 290.569538 464.333218 286.171720 5.088822 0.125000 57.390376 
760.594206 392.084728 788.052841 396.116448 3.710219 0.125000 8.878450 
304.423563 347.240613 285.593063 346.206603 1.810879 0.125000 2.834143 
473.108609 292.127455 500.654808 293.915891 2.170805 0.125000 22.183184 
14.126479 140.956463 33.059763 142.618258 7.799158 0.125000 29.679059 
241.860170 308.397905 263.115331 309.552926 2.903272 0.125000 15.615387 
366.964320 347.186103 334.402266 344.088391 2.133620 0.125000 21.509357 
720.693176 341.588968 703.071515 341.291304 7.520042 0.125000 13.181619 
884.559417 396.493768 864.393213 394.213901 3.164571 0.125000 12.074677 
51.869668 272.942975 68.125504 273.024136 3.831084 0.125000 6.618571 
805.752244 332.888541 781.856339 330.842997 5.088394 0.125000 11.922409 
266.986099 313.375718 244.348989 310.858957 4.280279 0.125000 9.732866 
325.679196 344.979869 301.887085 342.981141 2.281942 0.125000 3.199877 
375.631605 280.554211 403.125504 283.119603 2.721448 0.125000 8.046605 
591.896189 245.154920 569.385583 244.140230 2.216024 0.125000 5.265291 
958.207990 301.203845 940.514821 299.016040 3.248091 0.125000 8.782036 
461.921553 332.525646 441.848473 330.966518 2.492493 0.125000 3.830411 
609.290945 324.469530 646.827661 325.290214 8.638618 0.125000 65.265233 
193.034344 251.320261 168.131759 248.073167 3.771988 0.125000 5.661181 
823.125350 178.930026 773.124398 178.890701 5.005897 0.125000 48.064233 
285.559164 344.039556 305.635096 345.484749 2.234032 0.125000 9.036474 
318.822649 289.668682 306.551882 285.278033 3.544143 0.125000 0.799679 
765.457607 346.147055 720.270429 341.878562 11.386608 0.125000 110.392877 
110.622431 243.135255 95.329600 239.304173 5.756401 0.125000 2.116083 
615.904927 242.169169 602.153630 244.662009 2.511083 0.125000 0.135278 
754.427008 370.844683 780.610293 372.166357 2.673942 0.125000 8.420728 
500.614756 317.055764 516.883349 317.977671 2.096655 0.125000 2.694188 
921.838004 297.563711 910.553419 296.957524 3.032809 0.125000 0.102809 
919.479010 367.027823 906.972900 365.842276 4.977684 0.125000 1.366808 
689.386215 315.468439 666.822910 313.852205 2.493611 0.125000 7.122374 
431.012652 278.229904 415.409810 275.704546 4.935769 0.125000 10.425847 
75.947373 236.943436 64.348487 235.927789 7.580449 0.125000 3.158281 
941.957379 371.446694 930.413176 369.226321 7.081881 0.125000 12.229897 
132.121047 243.410278 111.953353 241.169728 4.417343 0.125000 4.231564 
373.098555 302.509216 413.133191 304.178573 2.029136 0.125000 10.336025 
911.894458 204.630018 899.371985 205.585486 3.063348 0.062500 2.436273 
700.610927 350.781254 681.788448 349.085976 1.629126 0.125000 2.315205 
264.381481 264.271341 221.891282 261.614593 2.183628 0.125000 10.088779 
424.396877 317.709344 406.879612 316.787380 1.839561 0.125000 5.024475 
503.355525 299.109407 485.507920 296.394747 5.023121 0.125000 14.253227 
501.873583 294.092216 521.879343 293.991999 3.775000 0.125000 11.660631 
835.634051 326.015861 856.881693 326.239707 2.697383 0.125000 8.657566 
203.118669 219.452657 225.672583 221.291332 3.432898 0.125000 3.333279 
224.365166 258.258979 198.164573 256.335860 1.395249 0.125000 3.718050 
301.853707 340.890368 325.651091 342.799831 1.745879 0.125000 9.924912 
313.170053 285.264658 523.323173 311.539991 3.565949 0.125000 177.172714 
636.831769 374.685699 656.793164 377.463152 1.927141 0.125000 3.561288 
343.110304 274.300006 383.135311 274.800616 2.749933 0.125000 17.830672 
106.895463 255.347972 164.358922 259.592658 2.818975 0.125000 20.575301 
449.499069 305.690213 386.641182 299.107818 4.712435 0.125000 79.597089 
264.513566 278.085845 306.926632 282.644642 4.007629 0.125000 24.933228 
396.918331 284.972778 376.923537 283.644408 3.410303 0.125000 3.639736 
829.136509 350.776341 870.390035 354.487139 4.769041 0.125000 38.114481 
193.124751 300.631924 218.137324 301.532824 3.567597 0.125000 15.896076 
286.907118 234.004777 226.817153 228.791809 3.030821 0.125000 21.074438 
829.297017 362.569576 868.119015 366.928304 2.510408 0.125000 25.693570 
655.631483 379.312229 643.135669 378.021695 2.013868 0.125000 0.509025 
779.366839 374.506443 764.424446 373.578656 1.789848 0.125000 0.509025 
186.900625 255.243382 154.379392 253.059596 2.084675 0.125000 5.691996 
198.065268 223.916004 321.864458 233.264607 2.541370 0.125000 81.430253 
261.899686 305.210963 296.849970 307.294810 3.892146 0.125000 30.033178 
700.653302 253.741502 688.066735 253.179192 2.441720 0.125000 1.951123 
484.895776 313.189817 499.495396 316.312019 2.763169 0.125000 1.905036 
689.451741 309.861375 676.827994 308.592740 4.356157 0.062500 3.836461 
838.082533 292.299126 855.656662 294.058787 2.363024 0.125000 4.385276 
21.799194 278.862295 9.302775 277.577466 3.354471 0.125000 2.741583 
675.322719 298.219814 703.104870 304.464556 3.384583 0.125000 28.282309 
436.951783 235.660841 413.138917 234.154933 2.337233 0.125000 9.543491 
866.877046 360.582350 891.879482 361.781560 1.967194 0.125000 14.055374 
341.296112 268.870651 331.820494 267.180598 5.580771 0.125000 1.823741 
0.625000 283.125000 19.375000 283.125000 1.250000 0.062500 2.040398 
856.861041 324.579704 838.112981 323.301249 1.669416 0.125000 0.188100 
483.221844 335.932620 462.922394 333.846531 4.462668 0.125000 9.605000 
304.445396 284.984896 291.823120 283.596741 2.075077 0.125000 2.315205 
294.306367 311.307878 311.880112 313.074142 2.368757 0.125000 7.261171 
881.035131 354.824936 891.931325 357.927164 5.493461 0.125000 0.617755 
699.233905 333.119077 775.495353 341.768141 5.839067 0.125000 97.291570 
319.345261 231.012806 191.828299 221.233990 2.301527 0.125000 78.007022 
770.602841 283.327287 738.082286 279.764937 2.177803 0.125000 17.236112 
119.300508 273.840627 139.343568 275.926965 1.760949 0.125000 5.024475 
819.348697 362.126438 795.597091 359.641788 1.966222 0.125000 3.013993 
345.592896 302.259977 329.351603 300.905567 1.349557 0.062500 2.014175 
385.968929 298.197076 318.408068 288.626715 4.950577 0.125000 91.137421 
160.797656 245.455059 145.417089 243.584882 3.152875 0.125000 2.200566 
658.143596 255.321645 640.632771 254.248226 2.176243 0.125000 1.071143 
706.804225 309.790019 687.755527 306.541561 6.581323 0.125000 21.404181 
806.847596 288.346140 834.389362 291.759100 2.184300 0.125000 7.261370 
281.815002 225.037839 300.637078 226.741562 1.752135 0.125000 0.102809 
473.198647 308.787523 450.429666 305.933169 5.890491 0.125000 17.772234 
414.453061 277.570493 400.625162 275.623852 4.236141 0.125000 2.327434 
704.400732 305.424388 724.392484 307.988692 5.118401 0.125000 7.031953 
89.402871 335.051898 71.883515 334.199911 1.673545 0.125000 1.412115 
223.263011 307.257581 210.683686 305.256147 5.779542 0.125000 3.763077 
0.614562 271.825798 33.142591 271.564463 6.360265 0.125000 42.713167 
794.356666 345.761043 828.166451 350.317423 7.529584 0.125000 58.373839 
859.461096 373.691347 843.154870 371.637818 2.021131 0.125000 0.102809 
260.626153 234.327003 276.896794 234.717931 0.684328 0.062500 0.810055 
133.202693 295.919683 106.822200 293.774227 3.940309 0.125000 13.200301 
121.875903 214.358607 148.183778 215.808448 2.221077 0.125000 8.696650 
335.618751 228.223544 310.639925 226.639625 2.196745 0.125000 0.514954 
205.583203 260.956850 190.507483 259.058029 2.011784 0.125000 0.188100 
100.592033 291.676065 131.850488 292.656504 2.028519 0.125000 7.261370 
569.374393 321.896004 558.097675 321.569901 2.751884 0.125000 1.828644 
541.843215 294.525899 522.881326 290.531854 2.769006 0.125000 5.471460 
286.853474 268.722710 314.362812 269.713435 1.250000 0.062500 1.955199 
65.622233 275.489502 98.134201 274.825599 4.029939 0.125000 4.959961 
44.414520 251.239574 8.071870 248.979260 2.023522 0.125000 18.038750 
53.128715 286.690614 66.898311 286.968056 2.549855 0.031250 0.064702 
745.578353 358.613264 731.834376 357.300219 2.250911 0.125000 0.188100 
183.143418 256.654985 221.831582 259.893662 1.657080 0.125000 10.382501 
891.537291 357.146992 903.316777 359.760698 3.139823 0.125000 0.394117 
785.644102 356.630252 768.250059 355.272675 3.173273 0.125000 1.823741 
715.679032 255.319529 702.915074 253.061811 3.039509 0.125000 1.071143 
234.432181 271.021699 180.672297 267.419187 1.819349 0.125000 17.226450 
211.064004 306.354656 186.559883 302.793006 5.242869 0.125000 32.301627 
329.487929 300.904507 301.924781 297.697190 2.483245 0.125000 1.973399 
679.371851 349.439756 659.419032 348.469500 3.988425 0.125000 12.024080 
76.958473 290.529398 31.821998 287.729402 2.668595 0.125000 42.981028 
539.315875 314.156760 551.917755 314.878915 3.886887 0.125000 6.957889 
560.358054 316.551953 583.279788 319.362704 5.114967 0.125000 25.646686 
804.819352 190.874147 810.580128 180.599841 2.910640 0.125000 0.964798 
844.409947 290.117363 819.356575 288.392641 2.837494 0.125000 0.824460 
149.392211 329.668312 135.616297 330.476678 1.760419 0.125000 1.412115 
305.808109 320.242474 280.750415 318.650710 7.088687 0.125000 44.973731 
820.829710 353.878947 776.950100 348.734441 3.733052 0.125000 22.431610 
68.118735 287.183810 90.624199 287.234011 3.749991 0.125000 11.660084 
236.828715 276.132030 264.327774 278.642332 2.148740 0.125000 11.218344 
140.630789 217.992910 101.845720 216.293101 1.895568 0.125000 14.711860 
401.887918 279.164405 381.886501 277.937509 2.112651 0.125000 1.212322 
463.155765 291.681242 434.338392 287.105558 2.606689 0.125000 6.981071 
518.180402 315.255309 474.108882 308.650785 4.759528 0.125000 55.525111 
600.687684 321.703434 608.110249 324.415372 7.044533 0.125000 4.006574 
226.798946 221.485522 245.622861 223.149207 1.719958 0.125000 1.951123 
160.686460 249.653661 146.912512 248.782138 2.968613 0.062500 1.434913 
58.150357 231.496239 34.339706 229.902205 1.831680 0.125000 0.006449 
184.411546 265.192309 209.444123 267.306612 1.666377 0.125000 5.488232 
31.842567 259.771403 64.329639 262.429414 1.778155 0.125000 5.008067 
825.572624 369.680499 839.346385 372.041908 1.478551 0.062500 0.864186 
53.083141 263.549941 33.153394 261.586754 1.250000 0.125000 0.509025 
688.136519 320.456213 661.923298 318.667284 2.238873 0.125000 7.951174 
710.615519 365.705763 674.424069 361.457024 2.045715 0.125000 17.183271 
840.661987 374.121252 825.617234 371.928280 2.138422 0.062500 0.245582 
85.601283 243.560449 106.856311 244.718135 1.520079 0.125000 1.069076 
155.449757 263.930322 131.994404 258.826286 2.284568 0.125000 1.289708 
651.776754 327.764239 685.801943 331.523466 5.656106 0.125000 32.476073 
5.565274 246.383803 45.612334 249.535915 1.874834 0.125000 6.722246 
510.177002 329.168450 518.082527 326.736909 3.216810 0.031250 0.009087 
346.951935 316.446435 372.040993 320.950331 4.353593 0.125000 14.997800 
775.539614 342.284225 792.809389 345.887612 3.979199 0.125000 17.236112 
89.138869 291.560764 78.018651 290.359433 4.533854 0.125000 4.514937 
146.893449 251.438736 185.627042 253.076723 1.354511 0.125000 12.592976 
673.113457 362.115454 651.852445 361.094855 1.548238 0.125000 5.024475 
216.772130 267.903502 234.346367 269.661271 1.865813 0.125000 1.069076 
134.296531 327.411086 151.872441 328.183257 2.442727 0.125000 5.299675 
208.099439 249.111562 231.865871 249.727335 1.605296 0.125000 3.218295 
666.676755 296.059263 675.452306 297.092184 5.111842 0.125000 2.858101 
414.325326 304.966541 439.358735 307.068692 1.350215 0.125000 0.102809 
451.884151 294.288453 423.059899 291.240697 1.900256 0.125000 6.295758 
243.155451 295.187682 203.175221 292.403769 3.188601 0.125000 23.264094 
830.581876 312.313081 841.967642 313.433886 2.487974 0.125000 0.188100 
53.175422 215.935749 30.606256 214.724166 2.295383 0.125000 0.025534 
226.869691 264.481504 246.882273 265.479087 2.245295 0.125000 1.596202 
320.466860 278.963878 291.793276 273.558516 2.295712 0.125000 1.235764 
781.721944 353.851657 801.880750 358.097703 2.961592 0.125000 8.081290 
50.596599 218.812316 74.357680 219.794155 2.807514 0.125000 2.414615 
583.853722 319.280707 589.664323 320.539772 7.167096 0.062500 0.398532 
123.093902 279.654790 95.655003 276.605057 1.932763 0.125000 3.685233 
344.533701 325.029202 319.290414 322.858791 4.553302 0.125000 23.227452 
128.189992 222.626388 149.405405 225.391734 1.562646 0.125000 1.951123 
610.633044 332.985472 623.163461 333.707872 2.351965 0.125000 1.412115 
889.374194 359.384114 860.518282 356.831298 2.490274 0.125000 9.227313 
34.286650 264.019575 91.842515 269.703921 2.395835 0.125000 20.938647 
249.449354 279.897776 223.091480 277.202841 2.105608 0.125000 2.851269 
289.379510 276.799745 249.373369 274.402219 1.995532 0.125000 13.452793 
185.810564 301.706798 164.316791 300.211980 7.395204 0.125000 16.239604 
18.203868 285.938093 0.618036 284.457730 2.294127 0.125000 9.539925 
29.378292 284.278432 46.943102 284.877192 3.790409 0.125000 3.166382 
128.205612 263.358763 101.824147 261.266078 3.085239 0.125000 7.052872 
234.270101 284.415400 280.620262 288.183281 2.289219 0.125000 22.882347 
312.966035 313.350854 346.728256 316.987394 4.168064 0.125000 16.813426 
21.896749 267.856121 0.684428 266.140300 3.334669 0.125000 2.414615 
280.594636 282.360407 251.800920 280.559277 3.585552 0.125000 5.916923 
624.429174 331.018212 599.450003 329.438793 2.652776 0.125000 6.815042 
134.433004 272.744467 113.106895 269.493775 3.224890 0.125000 7.029428 
804.455502 357.662947 826.926742 361.578018 1.548845 0.125000 3.718050 
18.090088 289.875196 0.588104 288.653627 2.580966 0.125000 3.580589 
603.113438 310.722748 634.369690 314.419890 1.761989 0.125000 4.207125 
300.644492 297.850117 275.593181 296.073714 2.582154 0.125000 10.449513 
859.511125 357.017031 845.407053 358.396256 5.097919 0.125000 10.222585 
819.196320 327.845809 833.163379 330.416478 2.414470 0.125000 0.135278 
730.621123 298.145773 716.883025 295.581996 2.769104 0.062500 0.272413 
4.379451 241.675733 29.394892 242.234540 2.276047 0.125000 1.036478 
371.942658 328.724077 350.630676 327.965532 3.747627 0.125000 2.855299 
273.126212 295.857780 246.876923 295.994403 2.584544 0.125000 11.285929 
318.270320 322.655162 306.785456 321.684736 3.841930 0.125000 8.790519 
344.353782 234.978209 370.615259 235.901942 1.381050 0.125000 6.830655 
836.880172 241.941665 851.983222 240.769944 2.823705 0.125000 1.212322 
4.393338 207.411248 25.629320 207.956852 1.763267 0.125000 2.741583 
66.836247 296.307707 35.615888 294.535519 2.991867 0.125000 8.095936 
703.184665 377.505444 726.954970 379.794610 2.248837 0.125000 0.514954 
295.634593 332.963948 266.837852 331.248654 2.288341 0.125000 14.623444 
158.125241 306.871947 179.341931 308.544487 1.250000 0.031250 4.860800 
309.329947 349.143012 320.613168 349.642362 3.801599 0.125000 10.443015 
46.863046 255.920225 63.136979 256.579154 1.855828 0.125000 2.678880 
696.891839 382.946148 739.368385 386.945263 2.444644 0.125000 29.946149 
691.922055 257.441653 670.601003 255.973498 1.418789 0.125000 3.218295 
213.079267 353.953402 255.666666 353.286757 7.479517 0.125000 69.970900 
298.068183 305.972576 313.075826 308.425819 2.467253 0.125000 0.240126 
196.698939 352.528211 211.939420 356.635993 4.596700 0.125000 3.763077 
4.368965 324.431044 29.348539 327.120746 2.007323 0.125000 6.110688 
319.172721 376.750156 280.547486 369.806166 2.584943 0.125000 10.931982 
324.320857 331.237726 349.346363 333.449077 1.905305 0.125000 3.580589 
256.832470 352.109314 296.814709 350.435136 4.943327 0.125000 32.476073 
195.648133 319.816489 230.655240 320.818109 2.677729 0.125000 25.681716 
399.389004 370.443473 361.919146 367.552768 1.819553 0.125000 9.227313 
841.868416 396.948972 886.845897 400.951999 1.688330 0.125000 16.336756 
114.386364 340.092225 141.879462 339.656605 1.546894 0.125000 16.764644 
780.646585 376.181411 804.373605 376.919830 1.638225 0.125000 5.488232 
364.418204 370.189175 390.658171 372.790381 1.501327 0.125000 4.429820 
530.620318 374.409156 551.814775 377.314363 1.917440 0.062500 0.272413 
436.788685 365.076259 464.332957 368.466574 1.870454 0.125000 6.110688 
463.251666 372.072713 509.434366 377.631816 2.528031 0.125000 15.845866 
718.262793 402.296433 755.765004 408.533138 2.471521 0.125000 15.043454 
135.819339 343.780329 163.147712 346.659415 3.207590 0.125000 6.163032 
246.924341 381.363765 214.365691 378.221450 1.888025 0.125000 22.183184 
872.068092 459.661014 924.468707 470.157183 3.189702 0.125000 31.936521 
931.855711 387.094132 915.730659 385.674697 1.277842 0.062500 0.810055 
924.361334 377.030985 904.404993 375.282648 1.250000 0.125000 0.509025 
300.585614 377.202574 324.293471 380.053082 1.885248 0.125000 2.200566 
490.562399 411.004305 473.124772 408.126382 1.250000 0.062500 2.014175 
760.686388 405.297119 790.574817 410.893033 2.305735 0.125000 7.616595 
48.090083 333.780342 21.847979 332.382145 1.405913 0.062500 1.334444 
461.870292 390.673127 434.388721 387.984737 2.123021 0.125000 0.318216 
754.437135 416.276940 769.405436 417.832050 1.582414 0.062500 0.864186 
456.896762 413.035879 485.469215 420.012969 2.216787 0.125000 12.124012 
467.030809 403.473553 500.640933 409.282815 2.463473 0.125000 7.807266 
699.231084 425.013927 679.392915 420.545465 1.889545 0.125000 0.980771 
929.441443 443.514084 958.213013 445.734593 2.199915 0.125000 8.081290 
164.395152 354.031296 201.912757 356.231037 2.203055 0.125000 15.755586 
419.428756 406.540290 398.125967 403.118978 1.828829 0.125000 2.678880 
406.955791 396.169480 450.563378 401.163122 2.161319 0.125000 12.919786 
689.401089 410.381941 718.221554 413.475462 2.485722 0.125000 12.212002 
755.669167 466.607907 821.966607 477.571026 2.884021 0.125000 38.613432 
910.545968 414.806550 934.411235 419.177144 2.355428 0.125000 11.218344 
21.844349 375.877193 46.929573 378.925980 2.296551 0.125000 1.073740 
143.142004 359.133711 164.374644 360.630045 1.774150 0.125000 6.830655 
483.189272 430.241733 506.901309 434.218111 2.473175 0.125000 5.811937 
656.926509 430.324870 726.799205 442.316637 2.785326 0.125000 33.670586 
353.091812 357.508322 369.427959 358.364384 2.889058 0.015625 4.827934 
439.254376 417.465994 479.369169 425.653570 2.749735 0.125000 14.997800 
249.313586 325.745943 265.642809 326.477447 2.329674 0.125000 4.385276 
256.736248 356.681271 274.262229 358.983487 2.315904 0.125000 2.678880 
268.134193 411.745783 310.685604 414.773189 3.380792 0.125000 24.048143 
440.681488 410.342643 455.585140 413.324244 2.206568 0.062500 0.842476 
652.090627 419.403715 698.226630 427.549381 2.608028 0.125000 15.845866 
689.400794 387.925275 713.078744 390.983173 1.399807 0.125000 1.951123 
273.101973 382.026200 254.404894 379.178710 1.612151 0.125000 3.218295 
330.639535 386.613304 301.839524 385.013744 2.357172 0.125000 9.227313 
340.508540 395.227262 373.083520 399.678556 2.592385 0.125000 11.114635 
489.458635 403.900532 463.144888 399.262173 2.028055 0.125000 1.823741 
725.653838 396.687236 694.373768 391.883021 2.184307 0.125000 13.043670 
26.821576 367.546845 53.104182 369.636802 2.690304 0.125000 9.420549 
493.187113 395.204950 463.105516 390.756766 1.506196 0.125000 5.241202 
320.647465 353.888558 335.671237 353.446534 5.328688 0.125000 6.981071 
757.077087 444.388945 783.041783 448.633995 2.289044 0.062500 1.728772 
444.317414 392.470055 469.325145 394.890165 1.886347 0.125000 5.241202 
3.137921 363.589480 30.616656 362.825052 2.429513 0.125000 2.120321 
50.630231 399.121860 68.129749 399.030032 2.578676 0.125000 9.036474 
54.386993 339.229660 75.595734 340.979683 2.183152 0.125000 0.583564 
228.080149 384.908465 198.082008 382.386350 2.072310 0.062500 1.394983 
229.357213 334.499328 206.958010 331.294774 1.766684 0.062500 5.319160 
344.275840 417.827774 386.835226 422.257162 2.565295 0.125000 19.661623 
413.180262 409.059101 426.734150 411.430155 2.616914 0.062500 0.781068 
480.558596 422.203597 451.965842 416.425475 1.955267 0.125000 4.006574 
766.882715 434.327501 739.298293 429.847282 1.866473 0.125000 5.471460 
804.407353 461.688353 823.031128 464.916555 1.822802 0.125000 0.964798 
896.801575 428.621210 868.124583 424.377819 2.334372 0.125000 5.691996 
704.318684 408.578543 681.854611 405.789200 1.556777 0.125000 3.718050 
405.548128 376.449010 418.171491 377.626650 2.953628 0.125000 5.488232 
566.947342 383.904394 583.197647 386.402413 2.091134 0.062500 0.781068 
68.105556 399.758020 88.117440 400.773921 1.628640 0.125000 0.102809 
231.846009 322.248535 245.610113 323.316814 1.633155 0.031250 5.065359 
430.670254 380.285503 453.104871 383.276008 1.404203 0.125000 4.121385 
618.237146 393.784376 639.434936 397.809341 1.756578 0.125000 3.561288 
81.884987 310.820506 96.845945 310.056239 2.432972 0.062500 1.338192 
509.403775 421.487330 531.872764 423.155127 1.339099 0.125000 1.412115 
693.050358 448.656598 721.932986 452.712024 2.280707 0.125000 9.869915 
951.870222 433.164125 926.936798 430.118997 2.178487 0.125000 1.823741 
865.641481 484.201940 883.102161 485.864816 1.599894 0.125000 0.509025 
914.396444 387.891935 938.061114 390.069337 1.588331 0.125000 0.135278 
165.617068 348.171122 183.031925 351.166185 1.616354 0.031250 4.197026 
190.634139 381.307624 168.119846 380.944980 1.551810 0.125000 1.390344 
313.119638 415.757064 343.120931 416.975213 1.806806 0.125000 5.471460 
659.301879 486.273990 675.626325 488.113239 2.361741 0.125000 1.828705 
370.626329 403.115991 348.064046 399.788276 1.561296 0.125000 0.135278 
731.783545 442.596663 755.625869 445.618142 2.497302 0.125000 8.081290 
104.386127 392.878461 126.896689 393.894471 1.530534 0.125000 5.927565 
780.611959 466.934873 758.351244 462.086275 2.551489 0.062500 0.438579 
893.130418 454.192875 913.149887 454.788455 1.250000 0.031250 0.009087 
