465.237376 253.081345 446.785839 247.152481 4.377897 0.125000 10.603027 
251.757372 90.795229 266.850598 89.151005 3.863316 0.125000 11.145869 
463.170012 235.456354 479.585152 239.837632 2.435137 0.062500 1.631619 
447.206883 253.169264 462.429794 257.359423 4.278995 0.125000 8.399110 
534.503875 153.682966 509.399575 159.481398 3.183873 0.125000 23.113170 
504.691919 217.963674 522.153505 221.884743 4.330769 0.125000 11.809442 
291.047617 140.570244 275.273286 135.460856 3.215979 0.125000 6.253975 
256.916462 69.949340 244.391497 70.853518 2.763521 0.125000 2.611159 
561.935489 86.043130 514.402978 84.662073 3.530598 0.125000 35.313216 
265.791446 100.873803 255.994725 107.427665 2.436261 0.062500 0.517362 
484.858480 153.132915 485.267954 128.119155 3.974554 0.125000 8.436671 
151.385258 152.528130 133.383759 139.029914 4.250491 0.125000 20.915485 
491.834139 274.551183 460.253485 267.226886 5.824265 0.125000 34.345476 
546.887784 100.148408 599.417048 101.557446 3.202974 0.125000 52.801818 
469.254562 273.806095 488.079055 277.134825 3.039730 0.125000 11.145869 
124.304515 253.202010 117.168206 246.670370 3.126034 0.062500 2.737714 
495.779513 198.743231 484.602830 201.536586 3.013451 0.125000 1.747313 
601.500953 105.142841 578.979128 122.614707 4.597156 0.125000 20.210515 
515.806659 212.993210 507.873189 202.057683 3.947886 0.125000 2.072223 
267.320805 113.108916 267.595704 99.364414 1.449717 0.062500 0.517362 
328.454716 43.594580 310.854848 55.952348 3.918228 0.125000 13.012412 
509.371029 82.788538 541.881254 82.404804 3.734985 0.125000 10.514248 
136.156517 126.377017 145.433528 112.992290 5.848851 0.125000 7.888444 
233.094595 91.468102 250.590308 90.160736 4.391599 0.125000 1.177049 
194.075487 68.958182 207.057835 59.629442 2.601571 0.125000 5.167791 
231.767357 49.130889 214.347397 56.812404 4.809194 0.125000 5.726916 
319.799542 73.609475 339.687339 52.164661 3.533028 0.125000 17.070160 
545.577951 140.493227 573.848175 130.399486 4.876338 0.125000 13.580984 
595.707088 86.471142 577.925429 82.856855 3.903877 0.125000 24.971947 
483.045526 121.573801 478.890877 105.427925 3.044133 0.125000 3.178863 
245.400035 137.629383 252.209709 151.713164 3.413183 0.125000 7.800385 
487.652452 207.219385 497.563055 202.048059 3.469549 0.125000 1.022641 
251.822100 40.499979 232.167568 48.816434 3.453559 0.125000 15.494375 
212.814212 57.730083 196.704321 70.408120 1.674053 0.125000 1.747313 
543.760596 133.061177 546.741879 104.361172 3.778139 0.125000 21.604305 
147.273627 109.312623 172.288170 93.085041 5.584970 0.125000 44.946117 
154.390116 99.329294 121.879548 99.737364 2.892019 0.125000 42.299531 
528.052707 101.803876 546.951321 100.769734 2.924817 0.125000 13.957182 
376.367888 93.280599 379.587751 77.907747 3.215664 0.125000 5.432140 
337.892484 60.299235 353.149566 49.409418 2.764815 0.125000 3.982392 
383.153443 265.977393 316.811619 263.875190 4.025245 0.125000 111.625743 
355.557642 51.755604 341.382744 59.752446 2.121967 0.125000 1.747313 
543.048627 82.641137 563.221981 84.652123 1.985538 0.125000 1.853658 
226.657460 47.563907 243.977178 40.848914 2.972918 0.125000 7.800385 
576.917673 215.635889 569.870868 243.251533 4.635967 0.125000 31.457540 
379.465436 69.917398 385.749164 68.869684 2.860097 0.062500 0.388450 
98.037710 228.803829 106.637576 245.745520 5.092177 0.125000 9.347139 
137.228339 185.024770 127.852238 190.123406 3.307056 0.125000 0.917793 
336.655953 51.132021 323.327416 55.061569 2.397956 0.125000 0.885324 
449.900523 227.684810 462.007408 231.449149 4.032273 0.125000 2.606256 
224.333047 92.243668 231.875459 91.884636 2.794347 0.062500 0.472407 
215.865797 245.896369 189.388775 269.390523 5.201567 0.125000 37.339367 
271.817481 51.956747 261.599181 44.767003 3.180218 0.125000 1.022641 
151.056412 245.191512 142.667066 249.624103 2.982442 0.125000 1.291540 
234.318437 64.347250 244.409332 63.900549 3.967453 0.125000 1.853658 
193.719103 205.773086 197.270657 221.503448 4.090369 0.125000 8.399110 
454.867349 75.931008 431.071042 63.519794 4.433249 0.125000 29.391243 
495.317608 78.957055 474.367843 94.365269 4.177312 0.125000 18.873125 
567.248954 247.010589 551.054279 265.991269 4.222376 0.125000 28.199780 
75.084744 204.837161 89.640430 182.483882 5.408036 0.125000 28.897128 
415.681289 251.885556 404.408930 252.138294 3.721039 0.125000 6.953270 
543.458185 112.791643 536.159508 132.864845 4.912374 0.125000 10.391809 
401.764472 56.275648 409.081616 70.186806 6.343411 0.125000 3.620426 
544.298894 149.098987 536.367880 151.285838 3.192884 0.031250 0.272846 
317.018798 53.450335 338.031228 44.162846 3.322430 0.125000 11.208362 
534.746970 277.759994 516.748806 285.324758 5.144093 0.125000 11.714497 
121.470642 197.906914 115.884234 208.264815 3.473674 0.125000 2.687551 
187.921886 268.926237 175.668919 274.472036 4.363537 0.125000 10.321256 
200.790321 215.779657 198.794153 201.779590 4.597049 0.125000 7.020326 
570.978835 190.237597 576.812804 214.390023 4.443493 0.125000 28.447080 
521.277964 221.436466 530.577590 231.917068 4.253526 0.125000 3.109949 
469.692653 87.331361 455.183018 76.201181 4.660230 0.125000 14.413535 
134.387672 280.558173 108.362416 275.623004 3.324099 0.125000 29.530529 
514.020571 196.470757 517.256067 203.638769 3.821414 0.062500 0.517362 
113.092994 227.424134 106.888833 212.939924 4.758926 0.125000 10.412756 
293.175768 263.898018 219.331008 256.038321 5.528790 0.125000 119.421997 
458.554113 218.749150 450.044961 226.372780 2.779990 0.015625 0.978715 
119.670092 208.608305 136.865431 198.109328 3.200576 0.125000 0.166097 
141.881414 113.180152 0.616396 113.874433 3.295347 0.125000 152.396357 
231.560373 55.842939 249.241305 53.405276 5.508545 0.125000 5.683233 
552.655047 264.954938 535.048691 277.303296 3.574904 0.125000 22.345575 
102.925689 210.561046 97.251095 228.245680 5.098346 0.125000 15.266421 
113.262712 241.924098 112.652083 228.090698 4.021969 0.125000 7.078274 
174.613356 275.754572 142.006858 281.388177 3.998363 0.125000 30.193591 
103.112991 273.138649 79.976692 252.782579 4.768840 0.125000 31.020392 
432.384624 275.255571 415.768245 252.333423 5.033934 0.125000 26.812274 
577.100129 82.885334 564.325175 80.954692 3.707896 0.125000 3.796508 
89.526294 182.098068 115.054454 164.783788 6.386644 0.125000 38.134990 
120.416819 263.909629 140.650696 269.278153 2.909409 0.125000 6.002759 
238.232025 39.688073 225.509558 44.037307 2.395828 0.125000 3.616658 
408.006105 260.138493 417.959391 261.688470 3.897680 0.125000 1.763286 
79.486194 252.223500 71.391719 225.772895 5.120967 0.125000 23.039523 
258.045202 120.686824 250.859418 111.411819 4.620303 0.125000 2.851080 
361.839233 81.812291 347.293475 90.108695 2.951789 0.125000 2.983081 
613.165695 108.179361 599.312182 108.611584 3.904098 0.125000 13.078812 
359.793137 71.170144 344.312789 83.043893 1.752599 0.125000 0.917793 
516.300051 124.304834 519.210983 100.452434 4.782363 0.125000 11.269591 
539.176054 201.290122 511.532074 193.021482 5.629667 0.125000 44.813800 
72.133799 224.416311 75.145582 205.548473 4.346380 0.125000 21.377158 
209.867367 55.141139 190.912640 67.322577 2.703200 0.125000 10.397366 
464.913505 96.118365 472.210871 106.642100 5.615833 0.125000 4.994470 
447.258871 283.394819 433.247571 275.409921 4.040484 0.125000 8.210334 
556.721239 111.772705 551.921357 118.987450 3.461907 0.125000 0.025378 
125.143066 243.389566 133.616733 249.994102 2.883678 0.031250 0.299790 
0.620587 111.353558 146.881269 110.115726 4.744255 0.125000 178.947502 
144.176045 253.157153 157.966417 250.904276 3.878044 0.125000 9.440081 
431.086210 61.801388 413.150527 55.551740 7.296450 0.125000 21.536330 
320.492715 45.460534 328.709415 38.851585 4.298365 0.125000 1.366079 
133.878709 138.281038 136.214793 126.997103 3.925542 0.125000 6.881292 
529.759820 323.230015 521.834077 325.480903 3.607347 0.125000 1.851591 
344.198231 90.465772 354.272012 79.282232 3.530726 0.125000 0.809125 
335.611235 88.107857 359.964871 68.552879 2.703138 0.125000 6.210155 
113.116919 282.344764 138.126474 282.245223 5.024836 0.125000 18.708216 
11.925395 99.852961 0.594027 100.044718 5.083885 0.125000 8.043885 
535.662946 71.365056 520.560540 70.241245 5.542771 0.125000 9.834828 
141.605022 266.640691 119.038156 260.642249 3.776925 0.125000 13.231379 
423.149342 267.483216 402.988703 266.718562 5.328040 0.125000 5.036349 
315.677700 264.242590 294.315788 263.428232 6.483553 0.125000 28.117149 
532.071596 103.143899 531.226686 111.932842 2.966988 0.062500 0.517362 
503.726144 80.529599 502.565137 73.213850 2.860946 0.062500 0.472407 
533.192928 111.498957 544.471946 110.622301 3.932451 0.125000 4.363104 
574.551952 134.754002 555.803548 143.507421 4.380519 0.125000 18.316109 
400.237705 47.254699 375.974206 33.459331 5.411425 0.125000 34.775707 
139.389224 281.752451 173.406375 285.700817 5.343601 0.125000 38.107999 
281.070843 116.751230 273.768356 90.446398 6.155267 0.125000 19.450777 
404.437298 78.233608 402.942923 61.891650 2.596117 0.125000 6.023717 
510.487008 161.386317 540.848930 166.889555 9.509083 0.125000 94.788699 
100.638782 99.733395 38.118520 99.943119 6.421882 0.125000 97.812050 
541.203358 205.183085 533.820146 199.046506 7.041198 0.125000 12.906527 
552.840726 73.768070 536.581943 71.326563 4.881323 0.125000 12.218070 
19.384635 99.745223 13.073849 99.909455 6.312923 0.031250 1.770441 
179.759549 109.744818 174.922528 98.425175 3.782570 0.125000 13.031710 
564.313702 80.191282 553.173748 72.326495 9.431368 0.125000 15.194487 
372.844153 31.796718 355.587047 35.445500 3.857534 0.125000 12.906527 
305.619196 292.027183 390.733759 295.273214 6.017809 0.125000 128.548192 
553.142747 214.354605 541.880863 204.554748 6.269907 0.125000 4.282194 
112.726691 275.474963 103.085596 271.983818 3.525950 0.125000 6.710080 
486.018928 126.124661 497.040513 145.007980 5.129024 0.125000 14.090207 
545.642349 103.568632 533.112628 104.058627 2.693474 0.125000 2.733638 
355.665629 36.496136 339.202808 34.730685 3.062201 0.125000 14.837890 
489.447691 277.250816 513.273433 272.642410 2.297868 0.125000 7.800385 
506.633784 207.732522 509.825459 215.936070 4.316216 0.125000 0.194748 
369.987137 74.291441 367.852151 90.589257 5.120004 0.125000 13.808986 
412.848840 289.170518 435.711324 284.829650 5.145411 0.125000 21.694893 
81.881160 354.125995 19.357579 352.579137 3.735876 0.125000 43.498107 
223.375082 232.041011 215.321284 244.173385 3.133149 0.125000 5.204392 
273.513287 89.558102 302.723678 81.643789 4.296979 0.125000 27.793681 
385.601056 70.409504 392.049227 69.693040 4.961773 0.125000 0.074967 
437.676366 83.694548 446.025425 87.160396 6.730890 0.125000 4.663841 
493.098311 332.701545 475.667554 333.800165 4.528859 0.125000 9.849433 
135.672024 241.249166 128.027338 240.674757 2.773949 0.062500 1.646701 
515.525175 287.217273 531.029213 291.739055 5.349933 0.125000 10.603027 
163.927102 90.229302 155.129608 100.187343 3.247059 0.125000 4.363104 
391.466146 297.055446 412.251496 289.109905 3.845601 0.125000 27.772489 
542.020101 219.382113 542.573247 208.097953 7.552206 0.125000 5.797186 
210.640637 369.818305 179.378153 369.212315 2.911362 0.125000 24.203814 
582.285986 122.102938 575.513920 134.313394 3.527478 0.125000 8.600953 
400.167974 63.119523 400.297529 81.877262 6.318917 0.125000 10.887100 
529.469767 148.074059 516.482775 123.913914 3.633677 0.125000 25.756976 
121.161658 260.585458 107.675454 252.637826 3.230727 0.125000 3.178863 
497.280627 303.467609 506.436182 307.560383 2.919409 0.062500 0.517362 
179.307496 357.430199 151.908573 354.098875 3.654804 0.125000 12.945365 
341.687395 61.332849 359.633742 55.122726 3.633872 0.125000 9.203243 
565.761170 183.571839 570.600519 195.634821 7.655469 0.125000 13.708109 
510.625920 365.502279 420.612235 364.827262 4.653038 0.125000 97.791768 
0.619491 120.621969 138.133320 120.017342 4.785608 0.125000 163.602582 
475.640768 334.842879 418.088558 333.682614 3.698848 0.125000 86.371515 
21.871153 355.812261 49.370793 355.712721 1.349533 0.125000 5.806990 
302.973383 69.593554 289.154487 71.624855 3.710131 0.125000 5.432140 
412.876663 54.837435 398.629140 47.186227 4.323466 0.125000 10.009828 
490.502089 357.492139 498.434311 359.071945 2.945293 0.125000 0.388450 
121.844067 97.506973 101.706821 98.514869 7.740567 0.125000 61.867607 
307.737959 70.166783 313.095561 81.243823 5.626445 0.125000 2.334908 
436.855200 284.578096 444.376151 284.435856 2.641372 0.062500 1.592570 
288.951265 58.010826 311.596062 50.976986 5.064393 0.125000 16.628381 
190.625281 292.712783 305.625688 292.674190 3.761326 0.125000 214.442301 
215.776537 62.162152 226.178070 56.673033 3.961213 0.125000 1.035747 
498.170056 294.861959 471.790602 293.304321 5.654435 0.125000 25.114492 
113.835181 165.967144 131.221364 158.211980 7.621565 0.125000 38.126095 
241.737935 103.260444 260.662890 100.933103 4.179678 0.125000 11.426057 
166.664511 123.068545 169.563256 112.260753 4.917252 0.125000 0.349951 
337.638585 35.295262 320.708858 31.500846 6.098699 0.125000 4.327448 
406.783488 362.932413 379.503355 375.895125 4.516089 0.125000 31.800156 
69.477926 288.784404 106.847897 282.951360 4.861798 0.125000 50.274095 
105.351861 254.840590 119.945746 263.402112 2.716872 0.125000 0.789559 
401.977385 339.906243 425.778607 343.296653 3.532690 0.125000 34.705869 
260.747046 93.806775 240.717602 97.392294 5.453434 0.125000 7.040892 
300.603571 94.202945 288.141204 95.755101 1.858379 0.062500 0.472407 
401.938455 267.594199 392.927736 268.389217 3.845350 0.125000 2.611159 
466.795192 297.190605 484.431792 301.650413 4.276300 0.125000 15.591457 
290.505485 110.123636 306.727586 106.256603 2.721713 0.125000 1.366079 
159.581132 294.071307 123.143307 289.237013 4.463368 0.125000 37.777058 
159.154794 127.804954 165.996203 123.097761 3.797914 0.125000 4.000810 
311.306304 91.601342 320.042598 73.446250 2.254452 0.125000 2.816243 
371.762469 324.161781 358.038474 322.672192 2.890048 0.125000 6.270747 
430.447993 345.283275 458.349918 350.720879 4.542999 0.125000 38.356000 
367.953616 48.550303 356.108512 43.777109 4.654826 0.125000 9.564551 
109.225629 91.213304 129.061357 86.735598 4.326779 0.125000 11.373982 
589.305375 115.928774 609.404058 115.291603 4.878666 0.125000 13.439534 
174.131383 286.187838 189.498637 292.839357 4.622863 0.125000 15.591457 
545.800100 313.741498 530.313679 322.579485 4.189097 0.125000 9.619637 
190.057513 68.761369 177.661383 80.225327 2.546113 0.125000 5.167791 
532.197654 291.440598 547.249689 302.620540 5.475505 0.125000 12.755811 
53.153266 328.032685 36.103484 322.812278 4.780915 0.125000 13.231379 
511.745648 192.224688 486.723388 195.819760 3.363431 0.125000 13.808986 
150.622500 378.170680 102.018120 375.510269 6.532341 0.125000 85.552638 
385.280685 82.928670 378.906317 94.107755 4.789249 0.125000 3.885052 
540.777947 167.321044 565.139154 183.078617 9.875210 0.125000 81.682775 
168.122043 360.920260 188.124362 360.958535 2.509563 0.125000 11.324289 
411.635114 104.300321 408.110979 115.620635 3.659362 0.125000 7.825488 
32.632961 304.615837 59.775194 291.382063 4.605971 0.125000 23.239707 
521.142306 326.389318 512.030227 328.729431 5.464705 0.125000 1.297469 
135.473248 293.686056 156.000131 299.238066 4.697850 0.125000 23.379690 
391.815921 54.620280 401.224403 56.886438 3.318275 0.125000 1.851591 
156.876200 365.588088 133.232417 364.819703 6.409108 0.125000 20.819876 
488.088925 163.849634 509.495491 162.379712 5.073886 0.125000 6.007349 
546.912819 304.386523 543.806307 314.582579 2.805136 0.125000 0.025378 
85.314598 303.538735 93.129795 300.637919 2.890634 0.125000 0.388450 
243.317858 404.364890 228.102683 406.731525 5.132711 0.125000 8.031451 
92.027595 297.643220 78.560652 300.318227 3.044772 0.125000 0.563009 
378.882784 375.313391 352.854684 383.517394 4.457812 0.125000 25.803856 
299.439666 397.415122 294.215241 398.040616 2.482273 0.015625 1.200780 
352.265079 384.542915 314.206651 395.013060 5.484026 0.125000 40.558802 
538.982816 160.906194 524.605820 157.223816 3.662425 0.125000 13.957182 
490.741555 314.976173 477.022542 317.635999 1.829298 0.125000 0.090826 
371.891453 90.759717 373.891608 71.956547 3.543740 0.125000 5.695778 
313.241887 394.940141 300.510886 397.573263 3.460889 0.125000 13.031710 
205.265314 53.246201 222.960204 47.607823 3.468027 0.125000 2.149323 
488.036080 301.187879 495.730743 300.192113 5.600350 0.015625 1.448876 
0.577477 9.416505 64.470945 11.767575 5.961879 0.125000 85.125157 
119.413629 368.979352 146.895743 371.662545 4.155515 0.125000 26.263318 
309.376059 159.366113 296.757327 157.862637 2.984228 0.125000 1.853658 
414.138629 335.646125 400.879196 338.196546 3.918603 0.125000 8.589452 
448.036734 133.505898 458.131420 102.717267 4.283842 0.125000 25.786647 
481.517725 356.040774 489.456813 357.743550 3.404474 0.125000 0.090826 
260.519842 64.069034 270.616079 60.599042 2.770547 0.125000 0.090826 
505.399161 331.950541 492.891254 333.115656 8.047351 0.125000 14.980831 
60.505120 291.419632 69.303494 289.103381 6.362296 0.125000 3.109949 
103.101539 297.855208 115.615608 296.766995 1.895042 0.125000 1.291540 
613.485166 96.552231 606.186654 94.880865 6.929382 0.125000 8.589452 
340.409785 96.886418 341.401734 115.583792 4.340740 0.125000 7.547982 
531.015492 230.005278 539.083239 218.815909 2.924245 0.125000 6.953270 
179.811161 387.920104 208.295138 376.032675 4.414286 0.125000 31.800156 
115.669993 292.264558 134.499234 293.249143 3.614337 0.125000 0.500614 
285.235734 78.457854 301.702596 71.468801 1.816858 0.125000 0.025378 
519.393180 70.045209 505.617529 69.613268 1.562786 0.125000 0.388450 
441.133344 227.615860 451.697922 220.366926 3.031839 0.125000 1.853658 
64.350321 330.760243 53.242101 328.733266 4.918780 0.062500 6.063062 
346.380213 85.140715 333.404124 98.398199 1.250000 0.062500 1.167811 
299.438361 85.848934 281.598203 90.896733 2.247055 0.125000 0.361889 
489.286428 158.973233 521.331301 151.908752 6.641659 0.125000 65.270905 
289.531410 401.253524 266.772500 399.351437 5.298568 0.125000 28.860841 
30.748210 92.861794 15.611095 92.186839 1.691730 0.062500 2.737714 
94.444646 371.668182 72.334441 364.222633 5.923176 0.125000 21.536330 
312.756805 100.423391 327.771964 102.828769 4.343877 0.125000 1.285324 
498.840668 359.623425 511.512315 364.142077 3.951993 0.062500 1.251295 
1.771222 80.147429 20.599928 81.113598 4.993430 0.125000 2.915706 
412.967613 101.932806 409.285566 91.907848 3.089118 0.125000 1.747313 
266.640717 398.104063 258.427426 396.538452 3.392020 0.125000 0.970615 
59.471707 315.340444 78.184481 321.699980 3.550560 0.125000 12.291293 
152.459250 220.171330 171.202188 192.666517 3.565317 0.125000 23.033398 
270.446984 97.914078 274.848813 120.285825 9.068033 0.125000 17.632124 
178.230634 367.198148 156.970040 366.166455 6.787931 0.125000 23.039523 
75.597312 14.532970 91.788092 17.370832 2.246655 0.125000 5.385283 
44.654298 341.216536 64.926205 331.644997 4.647240 0.125000 17.309894 
258.421578 154.180937 260.795970 173.103547 2.787051 0.125000 2.072223 
420.014859 364.269832 409.964287 359.524337 4.647216 0.125000 10.448227 
114.385006 294.627231 101.904645 295.122314 2.844866 0.125000 0.885324 
214.357686 185.686023 254.659805 197.121236 2.941829 0.125000 37.510017 
144.045807 149.221262 129.272023 152.685887 3.290157 0.125000 1.035747 
263.474305 174.333010 261.827142 160.630753 2.780510 0.125000 0.361889 
476.823860 176.857378 482.107418 161.524355 3.178076 0.125000 2.072223 
308.294963 109.984174 282.835534 117.087511 4.480133 0.125000 33.345906 
470.527508 353.615636 478.459469 355.191765 5.139807 0.125000 1.994837 
610.635181 41.816952 586.743211 37.626374 3.477665 0.125000 11.118540 
313.021357 119.409567 305.142344 95.785977 3.560060 0.125000 6.119037 
201.854710 407.022724 179.434311 403.943187 3.932917 0.125000 27.561991 
71.831880 363.241871 54.398987 356.809985 3.518181 0.125000 14.555062 
484.430653 101.650652 483.375400 113.147982 6.566584 0.125000 3.307553 
121.957520 82.462414 149.344091 85.873182 2.330899 0.125000 11.165016 
590.631110 8.159657 570.625617 8.254808 1.940370 0.125000 0.388450 
368.101634 103.103281 372.912541 97.927518 3.101800 0.062500 0.388450 
66.932500 75.684781 93.181625 76.952888 3.624996 0.125000 6.770871 
494.820778 144.059398 485.866124 155.808770 8.286441 0.125000 23.260981 
28.070356 6.333247 13.116880 5.915979 2.882563 0.125000 2.611159 
122.753999 9.700417 140.450091 13.867733 4.796268 0.125000 8.128569 
521.924537 326.949758 613.170488 330.795808 2.541276 0.125000 74.257909 
550.558933 168.242373 538.394910 161.395484 2.791726 0.062500 0.586542 
504.378421 339.156961 546.907178 339.824272 3.749538 0.125000 36.194649 
89.359220 20.717155 60.596415 15.791931 4.118150 0.125000 23.607617 
480.307628 154.794099 471.738649 148.305055 2.989533 0.125000 0.970615 
140.611518 14.268695 158.146545 12.044889 3.562936 0.125000 8.210334 
33.290052 89.134405 17.924799 87.433030 3.318785 0.125000 0.527100 
532.830795 239.139107 545.042860 223.908241 6.246733 0.125000 14.566586 
256.867223 8.410333 226.855448 7.592301 2.737482 0.125000 2.551610 
381.868703 286.411286 355.623543 286.767701 1.402648 0.125000 5.806990 
0.623741 349.642827 43.128679 349.842691 2.646912 0.125000 26.683745 
575.596502 10.758250 588.316692 13.478689 5.673699 0.125000 2.655681 
356.489426 67.692453 324.099004 96.565380 2.554395 0.125000 11.340810 
168.131698 17.408320 118.108191 18.036558 5.982653 0.125000 63.536281 
548.107770 351.165208 578.156939 352.123626 2.897214 0.125000 23.105235 
9.399956 86.545518 0.511592 85.872299 7.761799 0.062500 1.610090 
393.533206 157.777267 408.331786 151.082063 6.101215 0.125000 9.347139 
406.678294 129.954957 416.689564 111.772896 4.601626 0.125000 9.921265 
88.124761 80.629619 59.386971 79.143505 5.057883 0.125000 32.183010 
345.220470 120.231886 363.470422 102.225087 2.091794 0.125000 5.204392 
474.403835 337.578287 503.139826 339.093909 1.972475 0.125000 16.596252 
169.399818 46.725504 133.112309 40.701450 3.509258 0.125000 16.772885 
613.135538 346.653109 474.342390 340.061662 3.030859 0.125000 102.681086 
257.018183 176.474287 215.678747 183.443800 3.088634 0.125000 48.114253 
303.084002 75.522828 277.018316 85.982158 5.571364 0.125000 28.136620 
598.108258 332.316737 523.121223 329.474665 2.279705 0.125000 40.955859 
548.051669 340.943066 613.143140 343.987097 3.373165 0.125000 59.176333 
23.152638 74.732140 8.145776 75.893465 4.124599 0.125000 7.401086 
610.635091 350.326708 528.144919 347.536186 2.202740 0.125000 30.439156 
192.857275 61.451017 204.850427 53.877910 3.059109 0.125000 6.953270 
361.426790 111.508051 368.334859 103.070185 4.485298 0.062500 2.996357 
381.271508 171.505324 393.033666 158.045188 4.816371 0.125000 7.381965 
141.735442 93.449618 158.078636 94.898116 3.183583 0.125000 5.297452 
376.793647 166.210466 359.284337 163.777464 2.476208 0.062500 0.760443 
134.308227 92.532485 118.122912 94.356470 6.210687 0.125000 2.949439 
163.863592 187.330203 146.204892 215.982394 3.279189 0.125000 29.174205 
0.626180 270.429301 61.881491 270.798774 2.695981 0.125000 27.918073 
491.875854 5.647982 546.892752 3.602480 3.468757 0.125000 35.581953 
89.405322 12.160716 113.171129 12.908033 3.315991 0.125000 18.882344 
356.451043 164.599634 381.865966 171.906423 3.438826 0.125000 10.871294 
126.887417 85.479657 111.890083 84.198444 1.883858 0.125000 0.970615 
238.103352 0.879244 255.583055 2.367613 1.865986 0.031250 0.299790 
26.857640 12.862964 0.557449 14.605372 2.337048 0.125000 14.836236 
174.471549 393.244344 180.082844 388.704839 5.273984 0.125000 4.343803 
50.693075 96.041482 31.763074 94.495444 3.000455 0.125000 11.145869 
139.384225 20.473869 170.670259 22.383525 3.209938 0.125000 15.240991 
388.111083 8.985227 406.876394 9.288818 3.931491 0.125000 18.882344 
29.396604 246.425280 70.671450 248.408062 1.657415 0.125000 15.527688 
291.157245 150.172121 277.029018 159.605666 2.437566 0.125000 6.082190 
225.682799 95.603565 198.067498 96.902759 5.053219 0.125000 21.081525 
465.645079 374.890183 515.641904 376.256386 3.851034 0.125000 36.135214 
435.157882 149.975162 447.490149 133.888320 3.107900 0.125000 5.209826 
554.411418 355.120075 529.361415 353.313350 1.696373 0.125000 8.931063 
601.931128 252.517922 586.943671 251.132251 2.144148 0.125000 5.806990 
518.131955 2.123414 449.365862 4.048606 3.328752 0.125000 45.807912 
513.135956 362.944318 561.933925 365.903213 2.798039 0.125000 31.986997 
224.455525 283.129243 239.393950 282.170163 2.735127 0.125000 1.763286 
274.374208 283.262877 319.372725 283.521215 2.550192 0.125000 16.542502 
225.621196 406.713028 201.854949 407.271121 2.851453 0.125000 8.536455 
121.919553 364.906795 81.918401 362.425369 2.727384 0.125000 8.100130 
0.614468 293.853559 49.372349 294.558374 2.228728 0.125000 28.167502 
39.175872 74.203325 19.388961 70.549398 3.460659 0.125000 9.836129 
366.868889 8.520722 381.884612 8.752616 1.481475 0.125000 4.000810 
418.105751 7.095026 471.911997 7.799581 4.934106 0.125000 40.079802 
36.875091 276.872145 0.622116 275.715386 2.206116 0.125000 21.363580 
90.602667 81.290163 119.362216 82.255768 2.918044 0.125000 20.588812 
334.520556 5.133678 316.947917 8.505066 4.389401 0.125000 6.506102 
418.151653 370.048973 396.889337 369.065144 2.150666 0.125000 3.524099 
407.193428 217.515145 424.212906 209.049138 3.346043 0.125000 4.920390 
578.059778 352.174217 613.102917 353.649530 3.799259 0.125000 15.111551 
391.866605 372.079777 465.595180 375.102390 2.415585 0.125000 57.044739 
311.925696 30.221436 289.356921 31.573152 5.491494 0.125000 23.260981 
383.125820 273.215002 396.874678 273.089666 1.261343 0.062500 0.388450 
246.866768 280.764002 221.880369 279.284338 1.838966 0.125000 12.128620 
320.607567 283.235254 335.434517 285.579681 2.859769 0.062500 0.152280 
458.072310 76.019582 479.278024 78.851234 3.717008 0.125000 8.031451 
484.366121 389.512031 500.628839 390.565749 1.893963 0.125000 5.806990 
104.308397 86.221443 89.283056 86.747159 5.521450 0.125000 18.083745 
448.633183 125.976101 431.871834 150.236432 3.571534 0.125000 3.973678 
466.872670 348.881572 479.372391 348.822551 3.773567 0.031250 3.285289 
603.046953 88.624267 613.189899 90.209836 3.049178 0.125000 0.025378 
88.149976 72.678661 74.373167 71.907751 2.290118 0.125000 0.885324 
365.649722 400.028572 308.144897 397.644979 2.912003 0.125000 34.534824 
179.553225 72.423474 190.871436 63.435321 4.289847 0.125000 2.149323 
473.155778 10.725895 491.356102 5.173952 4.782438 0.125000 6.119037 
58.112559 291.850558 0.618484 291.266901 1.833623 0.125000 41.409378 
479.299329 348.795870 548.139466 351.507782 3.716800 0.125000 70.863647 
326.868144 272.100459 366.873089 272.286339 2.511589 0.125000 22.556896 
519.301325 89.205721 527.685792 96.154921 8.332198 0.125000 0.606024 
136.819936 65.988594 109.381333 61.833183 4.194947 0.125000 12.065455 
123.262370 68.809382 148.016589 74.821379 5.153766 0.125000 7.786887 
207.926921 74.921594 217.116479 75.934767 8.276742 0.125000 5.592504 
279.357765 10.290522 331.886213 11.279369 4.149296 0.125000 46.834231 
468.129680 59.677472 431.862044 59.498358 5.030805 0.125000 31.630886 
526.871088 376.989079 613.148230 379.947566 3.148066 0.125000 68.297985 
410.223048 147.998871 407.622523 130.513822 3.208352 0.125000 1.100731 
500.622233 358.221527 530.633406 359.081738 1.894140 0.125000 12.068444 
295.622532 153.921237 311.872052 153.832871 2.506761 0.125000 4.313638 
410.641099 6.399736 374.390354 5.171755 1.948419 0.125000 2.755914 
57.960309 69.901743 68.137866 73.083850 7.531292 0.125000 6.792068 
185.329554 19.636066 169.263509 17.916928 6.480516 0.125000 18.420211 
180.606424 274.625290 200.622740 274.253361 1.296229 0.125000 0.388450 
166.636608 15.005579 175.933826 11.427434 5.661215 0.125000 3.397272 
240.599914 282.122312 253.223616 283.402769 4.361575 0.125000 3.633784 
6.819219 69.647920 21.708214 72.691032 2.699672 0.125000 0.361889 
519.512320 261.008305 497.190328 269.005188 3.882162 0.125000 16.408422 
346.886000 282.833443 323.122664 281.936915 1.861745 0.125000 13.934800 
145.681351 87.463022 133.295103 88.650019 4.329116 0.125000 3.178863 
286.661160 22.948387 301.807112 25.965768 4.161401 0.125000 0.166097 
319.668407 100.188645 324.777466 88.988392 2.274534 0.125000 0.970615 
530.640230 361.177660 506.874266 360.658592 1.659119 0.125000 2.611220 
200.623758 0.701872 224.367559 1.085534 1.471986 0.125000 4.000810 
320.481003 31.708479 312.947932 30.707316 3.387954 0.031250 0.791602 
494.367880 352.079482 466.857708 351.121625 1.597215 0.125000 2.816243 
514.367070 353.230732 498.114742 352.011764 2.181406 0.125000 2.611159 
251.918338 16.585744 226.917694 12.840038 2.597327 0.125000 12.906527 
381.959141 1.479814 395.622053 4.388843 2.522170 0.125000 0.074967 
579.460691 62.751379 598.154192 60.923556 2.609777 0.125000 9.573034 
4.375873 16.681477 16.875619 16.737869 2.516892 0.062500 1.028097 
68.217724 276.887467 40.591841 274.817550 3.491678 0.125000 10.216074 
401.527477 248.171304 419.679739 242.930507 2.613079 0.125000 14.265672 
0.605509 278.489784 34.392628 280.295081 1.781774 0.125000 11.336430 
183.022802 58.574542 193.071790 60.859056 2.683799 0.125000 0.090826 
285.647867 19.246490 273.100310 17.013751 2.242349 0.125000 0.885324 
437.777672 233.685148 441.407873 227.835127 3.039397 0.062500 0.472407 
517.002881 149.928865 527.683506 147.462841 5.808576 0.125000 5.446107 
575.533468 406.213684 523.039105 403.600460 3.372466 0.125000 27.183982 
264.380975 79.076141 284.380186 78.950511 5.078422 0.125000 7.488141 
321.724175 20.465138 335.715225 18.968397 3.063902 0.125000 12.128620 
427.931241 246.627820 437.766744 238.917970 3.243643 0.125000 1.022641 
305.655810 277.475609 325.731226 276.445796 1.502867 0.062500 0.042515 
506.895858 344.117177 529.350022 345.933750 1.749916 0.125000 6.710080 
535.355202 21.693170 518.014316 17.313212 3.648323 0.125000 8.863805 
554.374579 7.790759 515.623067 7.839540 2.542483 0.125000 22.436573 
41.925796 16.503836 30.378855 14.923575 4.054347 0.125000 1.582194 
222.788029 106.969161 234.246549 99.185895 1.891100 0.125000 0.970615 
53.136857 1.757300 38.125413 1.914488 2.617658 0.125000 1.582194 
605.623921 306.913433 548.099083 305.297781 2.955235 0.125000 32.275213 
351.814184 198.326992 360.527067 200.950272 4.427334 0.125000 2.687551 
380.140169 154.120841 378.474107 165.493016 3.348003 0.125000 5.385283 
371.852796 272.074942 383.239993 273.339515 2.484725 0.125000 0.090826 
539.413773 276.146643 564.409482 277.477254 3.426736 0.125000 11.656195 
538.125023 359.373935 558.115816 359.802946 1.491087 0.062500 4.000810 
69.482900 54.812163 30.588611 49.649125 3.794171 0.125000 20.819876 
175.261505 10.542228 184.302516 13.357755 7.454002 0.125000 12.291293 
280.985806 169.105802 264.242605 175.265102 4.935644 0.125000 8.878451 
546.788405 301.257276 563.075299 303.487895 3.324948 0.125000 1.100731 
70.623683 394.318419 34.364233 395.162464 2.499323 0.125000 32.170768 
233.000605 216.515619 258.207227 220.036285 2.275454 0.125000 13.789859 
342.324427 172.775683 360.287788 195.887098 2.736304 0.125000 8.031451 
563.092896 258.639126 581.925573 259.815094 2.884650 0.125000 12.055817 
150.246177 69.312920 170.343620 72.435820 7.519406 0.125000 22.718991 
446.809069 377.844731 414.374013 375.639513 3.511724 0.125000 12.906197 
424.302720 51.721668 447.033522 53.219817 7.565970 0.125000 22.268528 
40.608751 193.382271 68.078124 195.117193 3.191006 0.125000 14.413535 
336.860759 279.780569 364.370733 280.746515 3.659963 0.125000 10.515381 
374.303321 190.562911 398.706159 212.477865 3.701936 0.125000 12.311337 
523.092134 154.277890 548.179856 145.787082 1.274807 0.125000 1.763286 
296.856862 407.484300 243.154453 405.885626 2.647673 0.125000 28.433585 
358.155245 30.276689 344.184957 29.063617 3.627809 0.125000 0.051260 
16.427721 64.462904 50.457452 70.344411 7.223125 0.125000 79.507412 
460.563761 21.394206 440.590838 19.804105 2.492115 0.125000 8.600953 
59.409067 76.671026 48.058153 74.775246 3.495432 0.125000 1.853658 
90.763394 87.342124 66.866388 89.268141 5.485940 0.125000 31.457540 
260.617350 281.952459 273.118868 283.187092 1.981053 0.125000 0.388450 
322.852096 87.958184 316.145876 98.929315 2.784991 0.125000 0.194748 
429.375800 284.569675 398.126328 284.698126 2.571912 0.125000 4.431385 
478.127568 370.103086 530.626915 369.917940 2.610191 0.125000 30.009296 
588.093421 143.471757 564.425876 141.316349 1.925060 0.125000 10.322440 
116.932827 18.094679 94.309605 17.072881 4.366580 0.125000 34.361296 
165.628971 281.418133 205.625949 281.765762 2.825819 0.125000 16.531363 
362.555418 193.778107 351.390084 181.050391 1.980207 0.125000 0.074967 
36.875664 300.805847 0.626151 300.938844 1.341714 0.125000 0.000444 
419.631454 102.219758 427.060293 96.693687 3.619062 0.125000 0.194748 
600.629400 318.945812 573.119476 318.663772 2.768977 0.125000 17.155823 
604.268697 102.974078 613.251528 102.292453 4.306725 0.125000 12.128620 
40.632929 346.399145 0.624323 346.808913 1.659592 0.125000 18.450249 
59.370024 85.580869 34.266335 88.411186 5.406920 0.125000 20.041255 
218.292360 46.107318 186.899323 39.263430 3.131434 0.125000 16.839261 
264.446842 264.496697 305.609551 267.117636 2.144609 0.125000 13.808986 
450.637565 397.751561 499.416459 399.392777 2.624687 0.125000 19.172355 
93.431532 15.479354 76.881711 11.844444 2.738385 0.125000 2.172859 
235.755984 23.634987 223.206647 21.413724 2.224735 0.125000 0.090826 
403.121869 403.382402 446.880599 403.914656 2.819080 0.125000 29.933130 
580.638023 360.430968 613.159312 362.613790 2.578099 0.125000 7.835387 
35.617276 279.729776 78.097138 280.654670 2.989173 0.125000 15.730671 
476.823320 279.885838 490.684373 281.288114 2.487304 0.125000 4.500565 
486.875000 354.375000 508.125000 354.375000 1.250000 0.125000 2.194630 
532.127932 243.300365 520.281396 260.386769 4.355511 0.125000 11.637499 
571.906677 318.453135 543.104780 317.463461 3.056569 0.125000 15.035742 
31.795941 19.730956 4.399634 22.153573 4.065742 0.125000 14.548272 
25.613064 265.368496 50.617089 264.204988 1.305401 0.062500 2.120708 
450.731132 372.324594 429.359648 369.490781 2.642617 0.125000 9.479165 
225.669212 6.396617 209.397884 5.980396 6.439744 0.125000 16.273684 
156.900505 31.450208 136.880995 32.068966 2.807737 0.125000 8.863805 
231.850174 272.132491 213.153461 270.329815 1.604124 0.125000 2.194630 
253.139131 194.322969 225.631243 186.852014 1.533925 0.125000 12.128620 
313.125751 405.443078 339.375304 405.551459 1.311922 0.125000 4.000810 
519.345618 202.287221 533.114761 203.268645 1.780062 0.125000 1.291540 
564.384479 374.663389 540.619069 375.444549 1.906363 0.125000 15.156224 
71.863403 67.623041 91.877971 67.933335 2.635338 0.125000 9.462848 
436.895544 400.987682 396.859124 400.060722 2.123196 0.125000 10.872267 
480.441074 44.396404 459.095301 41.308444 3.516754 0.125000 11.208362 
46.860195 55.740043 69.310131 58.629078 3.400241 0.125000 11.809442 
333.066716 9.869021 346.918856 11.503273 4.163543 0.125000 0.968063 
538.145344 373.643801 450.608771 371.208317 2.605338 0.125000 84.175443 
495.660831 405.774348 550.643254 407.564262 2.824047 0.125000 49.386294 
613.124165 192.100229 574.374698 191.956492 1.352000 0.125000 13.934800 
16.925119 86.885367 9.337703 87.187084 2.746364 0.125000 0.388450 
569.378854 280.294343 534.369041 279.886310 2.820316 0.125000 8.878451 
198.144301 375.603959 165.632816 375.110266 2.632567 0.125000 14.607703 
236.845796 275.312109 251.870160 275.780321 1.288329 0.062500 0.388450 
464.164478 276.275572 476.944237 280.411040 2.763412 0.125000 7.613170 
106.876005 276.663122 69.370920 276.485264 2.660021 0.125000 15.825969 
121.857004 4.480847 95.724826 0.037857 2.255113 0.125000 2.072223 
209.364510 285.116228 171.872019 284.585606 1.603658 0.125000 1.932394 
378.255778 278.618699 396.881162 281.839368 4.547111 0.125000 0.859468 
491.762972 281.155367 503.126762 279.386319 1.893416 0.062500 4.000810 
502.689832 83.573639 489.219297 108.039272 3.444717 0.125000 19.440570 
576.913832 288.928395 549.296563 286.527101 3.573380 0.125000 12.467947 
0.623911 335.380486 51.878462 335.152201 1.478250 0.125000 20.506307 
227.193260 38.994301 242.438083 33.413014 4.109453 0.125000 0.883942 
299.573826 185.616678 281.982631 170.724399 3.599196 0.125000 17.362272 
395.487021 226.659716 407.754657 218.797168 4.047014 0.125000 2.149323 
0.613203 328.850785 50.640621 329.663941 3.068492 0.125000 21.612652 
81.902270 1.547936 69.385065 0.504281 1.868848 0.125000 0.388450 
170.626758 395.427544 71.873457 394.548298 2.522159 0.125000 90.058290 
295.632014 224.453456 348.159188 219.757402 2.692051 0.125000 35.679334 
438.005144 165.442915 407.315018 185.644480 4.454092 0.125000 37.202889 
433.115214 368.295180 475.621809 368.588072 2.448263 0.125000 20.805660 
442.003431 64.540671 473.113109 68.225394 7.447939 0.125000 55.394995 
555.627727 264.186775 600.618283 264.838623 2.427302 0.125000 18.642033 
393.333708 32.915425 453.007275 41.448293 4.595772 0.125000 52.832447 
80.623008 396.959688 126.876815 398.047849 2.131630 0.125000 18.642033 
316.847977 0.968996 336.920500 2.545788 3.177565 0.125000 14.658325 
508.156720 380.355534 485.673973 377.708968 2.847473 0.125000 2.902836 
580.695449 2.398107 559.403155 0.334497 2.088249 0.125000 9.419350 
566.875558 346.860091 611.859277 348.544817 1.295906 0.125000 18.450249 
246.888377 403.727576 305.613307 404.940929 2.318716 0.125000 33.757376 
340.110091 184.817325 351.770403 198.391059 4.193717 0.125000 9.312277 
395.699462 278.628972 416.986919 280.753689 2.489993 0.125000 2.606256 
410.652976 188.168747 442.797199 167.612413 2.901783 0.125000 27.621792 
0.632328 180.133216 89.362627 181.455380 2.928077 0.125000 52.318000 
49.355448 20.968317 64.377912 21.823867 1.887644 0.125000 0.885324 
126.949887 47.918997 150.667516 46.217718 4.808319 0.125000 11.662202 
204.390626 272.895699 238.069405 275.190813 2.834163 0.125000 8.729698 
201.882041 269.120327 240.625343 269.301633 2.599415 0.125000 13.951690 
259.433999 215.085501 239.400194 212.894618 1.588405 0.125000 0.025378 
328.129652 278.304062 301.864905 278.986408 1.833921 0.125000 15.715937 
594.399729 370.291576 580.540547 369.263666 2.400696 0.125000 5.806990 
606.820482 239.918086 584.296498 237.657009 2.237790 0.125000 0.256805 
613.141938 267.732830 591.877616 266.814431 1.842141 0.125000 6.953270 
274.379519 271.713395 255.644171 271.189467 2.603850 0.125000 3.640616 
344.450654 13.724096 318.146569 17.045803 3.407237 0.125000 12.147581 
401.796945 10.908016 418.179791 15.426334 3.947371 0.125000 9.022058 
472.042740 88.798726 482.045145 86.308386 3.617907 0.125000 0.917793 
506.906814 45.399718 480.477790 41.667414 4.790270 0.125000 24.833895 
613.132933 382.931852 528.122312 379.440455 2.515775 0.125000 86.371515 
78.131886 175.027267 95.629936 174.842538 1.434669 0.125000 2.611159 
185.613884 288.643227 201.856411 288.991622 1.571382 0.125000 6.710080 
376.692796 136.223453 388.033306 139.676171 4.679636 0.125000 1.297469 
613.160930 377.020550 565.629904 375.474260 2.254815 0.125000 38.740117 
25.570307 35.896674 5.632619 37.011292 2.635647 0.125000 8.589452 
73.125837 368.053066 46.879390 367.747679 1.438977 0.125000 5.806990 
266.705016 43.221169 280.549944 44.969399 5.743592 0.125000 6.792068 
550.635095 269.628435 571.851430 268.783302 2.398513 0.125000 4.467748 
613.124862 261.859652 584.377194 262.118566 1.362525 0.125000 5.806990 
145.646959 387.862420 130.647326 386.608037 1.662335 0.125000 1.291540 
536.810718 10.097354 548.193054 11.110265 2.157761 0.125000 0.388450 
0.625067 315.601557 28.124844 315.679718 1.257101 0.125000 5.806990 
69.375436 62.314639 45.624770 62.301849 3.756058 0.125000 6.524928 
369.391724 6.077075 341.883128 7.094714 1.803668 0.125000 9.462848 
415.639514 29.278469 399.197387 26.806276 4.265889 0.125000 4.244233 
426.985685 18.799033 408.128393 21.895660 7.198323 0.125000 26.862154 
556.788299 298.987704 581.787059 301.500047 3.612414 0.125000 16.838760 
64.359754 183.940576 21.851242 183.145955 3.212009 0.125000 21.172004 
141.862159 75.989808 123.116104 76.261746 3.178999 0.125000 0.789559 
20.722934 81.538558 29.795755 84.179543 5.499465 0.125000 0.051260 
0.622495 303.290099 33.115013 303.783156 1.648141 0.125000 18.721769 
63.102606 84.703079 73.141158 85.388285 1.757840 0.062500 0.472407 
399.374728 396.824275 423.130751 396.696807 2.593863 0.125000 2.616235 
429.407957 382.247165 405.623092 384.353459 2.632746 0.125000 6.594452 
519.300551 399.100636 550.654137 401.493160 3.168480 0.125000 24.094317 
560.534824 8.627712 574.507886 11.134193 2.902127 0.125000 3.461395 
0.627405 344.081258 40.624724 344.408737 1.454640 0.125000 15.740980 
259.290360 267.329926 278.312174 270.868972 2.000540 0.125000 6.270747 
338.113130 395.710847 348.095125 397.091064 1.751848 0.062500 0.388450 
349.320174 25.158960 365.665070 26.302039 4.002480 0.125000 5.695778 
502.459242 99.760993 510.671946 87.330175 6.220127 0.125000 9.631475 
545.632521 367.553680 510.622133 367.092803 2.730134 0.125000 24.777685 
554.334350 382.936206 605.652696 384.901973 2.211088 0.125000 29.933130 
170.736746 23.566598 191.927417 26.495801 4.952904 0.125000 11.862646 
451.893037 44.034277 423.157394 42.513070 4.273396 0.125000 23.260981 
210.607907 3.268724 195.670524 1.492219 1.536497 0.062500 0.472407 
228.123848 10.648190 243.086935 11.391388 2.496922 0.125000 2.611220 
259.268552 196.141037 279.688887 200.353346 2.662542 0.125000 10.292249 
419.705571 202.904964 410.676765 189.340544 4.162253 0.125000 3.497976 
590.627915 278.101536 613.091831 280.892020 2.642756 0.125000 8.043885 
8.095826 368.584727 24.438660 369.621832 1.474157 0.062500 0.042515 
56.899531 7.482537 34.385765 8.391606 1.501142 0.125000 4.903900 
227.043771 16.232954 240.827117 19.856097 3.688998 0.125000 3.982392 
315.616242 8.203454 295.724569 5.983017 2.484568 0.125000 1.035747 
416.779156 279.501812 429.392067 280.379834 5.800880 0.125000 7.504762 
576.881981 202.868261 601.897474 203.548430 3.076649 0.125000 1.534042 
133.139196 391.643591 148.159353 392.564996 4.202185 0.125000 1.706459 
485.873085 196.141399 466.735780 205.335208 2.209306 0.125000 7.740405 
586.772939 286.478639 613.095027 289.625692 1.983123 0.125000 9.462848 
150.591890 70.802059 139.270297 68.684905 2.227633 0.125000 0.388450 
353.125004 289.371260 320.625039 289.337503 1.262983 0.125000 8.516260 
293.130788 400.394978 401.906273 403.132282 2.899773 0.125000 71.727421 
501.813874 280.448810 521.987720 273.449907 2.506406 0.125000 12.201167 
528.186377 95.205623 553.106733 96.121849 3.885248 0.125000 23.105235 
54.360510 358.390767 31.859244 357.163989 1.520344 0.125000 6.710080 
70.624502 392.057943 131.877451 392.224692 2.639508 0.125000 51.088671 
153.092248 397.282229 166.853767 398.389013 1.546603 0.062500 4.000810 
338.231503 391.470162 353.490805 395.484504 2.376603 0.125000 1.022641 
479.407983 56.703836 457.989814 52.576533 3.918780 0.125000 11.897150 
573.126455 266.585429 551.883270 266.478712 2.569042 0.125000 1.297469 
580.605256 394.878306 531.856287 396.167293 3.226009 0.125000 31.183733 
550.638524 392.216596 580.631876 392.663126 2.723013 0.125000 13.258430 
148.116529 391.896241 173.132077 392.062942 2.649879 0.125000 15.494375 
151.858758 371.240703 209.384676 372.758179 2.828753 0.125000 33.514700 
269.164244 143.157210 271.059567 155.558584 2.471305 0.125000 1.851591 
350.593973 12.702803 369.364455 13.406349 1.966884 0.125000 0.970615 
491.967494 73.634036 479.198357 72.040066 4.185627 0.125000 0.809125 
546.879548 336.586372 528.114511 336.290700 1.545243 0.125000 4.903900 
603.116524 213.265318 578.132181 211.756127 2.269343 0.125000 12.201167 
613.058183 337.312793 595.583674 334.645772 1.905595 0.125000 3.616658 
9.374706 31.927911 25.624205 32.018140 2.576310 0.125000 6.270747 
129.376817 388.606889 71.877138 388.470907 2.573897 0.125000 24.765736 
91.880577 375.624116 0.626818 375.217294 2.839904 0.125000 97.697567 
28.125000 281.875000 0.625000 281.875000 1.250000 0.125000 5.806990 
76.866896 254.559787 56.850574 253.681992 1.577389 0.125000 4.903900 
91.801324 72.288453 113.044993 76.073983 2.814683 0.125000 5.209826 
421.878591 1.943532 439.395996 1.025733 1.640701 0.125000 0.970615 
460.614134 404.764139 484.380507 405.427796 2.952617 0.125000 8.043885 
576.810089 371.150496 558.037710 368.831670 2.327903 0.125000 0.563009 
590.686090 66.457104 575.642115 64.257920 3.016132 0.125000 3.640616 
254.126713 31.502532 235.456636 26.220055 4.494192 0.125000 5.398812 
280.609815 201.032774 290.642451 201.406366 1.621253 0.125000 0.388450 
519.359377 209.141062 539.353680 207.805762 3.077505 0.125000 10.321256 
581.954130 118.661597 566.912562 120.879715 3.202693 0.125000 5.297452 
184.316157 13.956276 195.640232 13.556966 5.305246 0.125000 7.226311 
356.288646 133.251073 353.494816 147.957792 3.217533 0.125000 6.023717 
370.130838 116.874556 370.135815 139.375385 7.503594 0.125000 20.486363 
544.376402 332.964431 571.874306 333.204453 1.271773 0.125000 5.806990 
568.114560 28.303619 578.153326 28.890345 1.685470 0.062500 0.472407 
25.638973 367.991831 3.124534 365.629444 2.025836 0.125000 3.640616 
49.306252 256.185765 14.371584 251.902864 3.113700 0.125000 8.805894 
123.203018 76.775601 98.064324 78.480160 3.339908 0.125000 12.678273 
149.359179 40.304941 159.458081 39.805740 5.055616 0.125000 0.051260 
116.897091 34.633505 134.376265 33.139804 3.523518 0.125000 4.663841 
56.898325 232.785599 38.150964 231.497197 1.589872 0.125000 0.090826 
304.453585 216.065673 285.633358 219.421867 3.033410 0.125000 8.733689 
373.040690 103.094193 368.972368 114.227876 5.238275 0.125000 5.446107 
255.654787 271.344652 231.842106 272.330292 2.756336 0.125000 2.018279 
409.399731 14.959526 384.387822 14.029996 2.962499 0.125000 3.703559 
560.615876 97.822083 530.605452 98.726024 1.475238 0.125000 0.361889 
440.282710 19.795981 425.395290 16.746391 3.954217 0.125000 8.733689 
540.625000 294.375000 563.125000 294.375000 1.250000 0.125000 3.097720 
578.182182 60.348095 561.854088 56.976269 2.235358 0.125000 1.022641 
588.096730 314.330638 604.338982 313.975893 4.022052 0.125000 1.400270 
246.839240 273.619471 276.863011 275.790776 3.124635 0.125000 10.673051 
495.640979 401.895868 461.880434 401.456987 2.662273 0.125000 10.673051 
613.155103 311.396206 575.646194 309.037903 2.181327 0.125000 8.798878 
73.109054 57.128410 114.431406 59.728579 4.292097 0.125000 26.756342 
106.902512 405.072697 89.383716 404.200026 2.372525 0.125000 1.853658 
205.708047 19.059139 221.912467 19.918554 6.506036 0.125000 12.945365 
358.267578 159.162228 361.830811 140.616510 2.503385 0.125000 4.467748 
505.617941 356.941219 490.654739 355.346040 1.772988 0.125000 0.388450 
589.362835 153.275329 613.159311 155.201005 1.886911 0.125000 6.047806 
599.363125 272.022777 613.124706 273.128662 2.067222 0.062500 0.517362 
14.375178 401.622939 63.125153 401.657313 1.282610 0.125000 21.159519 
55.445520 222.547369 69.423789 223.852437 1.466161 0.062500 1.646701 
85.631343 402.029258 151.871887 402.412715 2.717037 0.125000 37.568963 
164.124021 49.778410 181.786284 52.459446 3.707530 0.125000 2.755914 
414.379113 239.387833 399.686491 244.096879 2.748396 0.062500 1.181047 
577.034587 357.274283 554.474862 355.560472 5.459068 0.125000 18.419240 
139.376940 404.906393 114.372710 404.997662 1.332119 0.125000 12.128620 
238.056449 228.101383 233.291422 241.932335 2.075471 0.062500 1.028097 
254.539497 194.167317 271.999181 191.411861 4.288738 0.125000 5.748487 
471.863208 39.276147 494.488591 36.577257 3.723602 0.125000 8.128569 
539.380886 152.984105 570.628572 154.289483 2.393474 0.125000 9.619637 
564.346082 372.510857 583.114111 373.364418 1.475872 0.125000 1.291540 
36.871767 168.387406 16.874802 168.141068 1.357686 0.125000 0.388450 
150.677577 355.167553 120.643904 357.159966 2.577259 0.125000 9.849433 
293.118231 35.956386 311.911458 36.340288 5.203191 0.125000 4.624972 
354.353668 395.235183 393.129628 394.730762 2.548567 0.125000 32.623927 
519.401619 346.683517 489.365696 346.128855 2.361098 0.125000 2.980048 
583.073598 391.027093 560.620932 388.156822 2.479819 0.125000 7.078274 
590.649598 73.848315 563.096445 74.785324 3.832803 0.125000 15.240991 
44.335044 266.146167 0.579495 268.544951 2.000804 0.125000 26.561921 
29.368600 359.534115 58.122361 360.690606 1.952280 0.125000 20.256429 
40.640271 228.639189 61.871544 228.008624 1.509208 0.125000 1.291540 
91.867539 177.297147 55.628858 176.656708 2.300822 0.125000 7.504762 
81.904412 379.160227 98.023302 381.367619 1.798492 0.125000 2.194630 
418.103247 336.019193 449.395911 337.746064 1.945195 0.125000 12.164570 
496.086391 108.786467 503.562578 98.768696 3.005340 0.125000 0.194748 
33.126853 394.547008 0.624800 394.491139 2.542970 0.125000 7.084275 
0.623635 239.981881 49.376200 240.091524 1.359634 0.125000 25.681055 
20.604622 325.047140 0.585437 325.753122 3.027097 0.125000 1.706459 
291.413689 201.373757 304.382034 209.363584 2.784139 0.125000 11.225530 
384.386065 380.233252 404.370121 380.797727 1.390677 0.125000 0.388450 
546.817107 61.166910 525.708213 62.892770 4.144969 0.125000 9.347316 
584.372646 373.292646 608.135512 373.626270 2.534849 0.125000 9.564551 
565.681399 279.059808 589.420405 277.627570 2.721299 0.125000 9.022058 
56.877384 355.583028 81.867749 357.002649 1.956930 0.125000 13.031710 
218.311726 206.352416 231.693199 211.133800 3.195425 0.125000 2.172859 
370.057901 188.655243 380.814607 174.801651 2.699289 0.125000 6.047806 
409.408351 378.187849 383.108874 377.449005 2.885147 0.125000 13.424640 
465.572424 48.582045 485.632757 48.938715 6.226791 0.125000 16.772885 
499.308746 386.724779 485.608467 385.899431 2.871314 0.125000 1.747313 
580.634724 271.033441 548.153135 271.806752 1.993424 0.125000 12.994517 
586.875273 249.378566 604.368561 248.040795 1.818242 0.125000 1.851591 
66.930375 29.929923 46.858601 28.330844 2.789915 0.125000 11.190352 
241.874117 20.540876 273.125992 20.564539 3.765142 0.125000 5.442934 
440.595187 407.404680 403.143479 405.296691 1.723346 0.125000 10.321256 
423.131963 387.981830 443.206066 388.958067 2.497049 0.125000 2.378717 
581.889205 262.989191 560.739827 260.777138 2.023402 0.125000 1.366079 
579.363230 322.296514 594.386420 322.715993 3.818317 0.125000 1.100731 
195.665086 21.557847 184.280968 20.118963 6.357412 0.125000 11.629886 
608.125000 173.125000 586.875000 173.125000 1.250000 0.125000 2.194630 
1.877228 391.192633 69.380591 391.413077 3.835703 0.125000 45.744297 
55.593555 259.696955 38.137982 257.992085 1.608605 0.125000 1.291540 
64.382737 271.474130 80.650804 271.788127 3.942280 0.125000 2.902836 
494.387312 18.045493 483.022698 16.285639 2.853129 0.015625 4.161601 
519.516999 25.072768 497.206473 19.335909 6.986973 0.125000 28.136620 
521.573338 273.885257 537.819167 263.878486 2.869093 0.125000 12.201167 
588.122149 256.651998 564.376030 256.955577 1.313814 0.125000 2.194630 
41.875000 341.875000 0.625000 341.875000 1.250000 0.125000 15.740980 
33.125100 261.884790 9.377590 262.127924 1.365109 0.125000 0.090826 
161.877313 404.570644 138.115855 404.851619 1.501173 0.125000 3.097720 
280.586895 44.298967 296.900853 44.828494 4.072440 0.125000 5.446107 
376.825331 384.627147 363.114878 381.926385 3.177631 0.125000 1.366079 
421.940873 205.082483 433.209568 204.033270 2.373349 0.062500 0.042515 
529.224814 335.391395 508.150191 333.994856 4.568310 0.125000 11.908168 
521.887720 381.685187 538.065070 382.769291 1.748681 0.125000 0.090826 
548.111311 2.638537 558.130501 2.818164 2.589225 0.125000 2.194630 
581.847819 234.600367 599.394102 236.716618 1.531367 0.125000 1.291540 
120.205495 166.688549 141.581164 175.119946 3.062111 0.125000 3.497976 
270.626923 220.568390 293.143404 221.333073 2.012962 0.125000 6.953270 
383.284780 145.855098 394.542604 154.147459 3.814660 0.125000 0.051260 
583.125192 259.352231 600.623945 259.499954 1.292164 0.031250 0.628813 
33.121416 238.179703 0.678807 236.053855 2.412917 0.125000 6.039585 
347.106484 223.039983 292.045044 233.980778 2.987048 0.125000 33.232808 
506.877812 331.499664 531.876409 331.686946 1.371702 0.125000 4.000810 
48.123513 337.643380 0.623691 337.551438 1.341940 0.125000 5.790582 
328.177995 23.822192 310.589587 25.159115 3.440221 0.125000 5.209826 
398.808245 26.827577 392.362066 28.623371 3.902043 0.125000 1.291540 
471.876512 390.682181 446.893981 391.342805 1.646076 0.125000 6.953270 
534.423140 370.075151 563.171653 372.592136 2.536459 0.125000 4.244233 
0.609737 249.685497 34.400975 251.346602 2.475957 0.125000 11.118540 
3.125000 223.125000 31.875000 223.125000 1.250000 0.125000 5.385283 
51.876729 145.515683 71.891490 145.832169 1.269607 0.125000 1.291540 
427.706384 123.756613 410.509525 127.609606 3.952656 0.125000 4.704647 
444.364720 388.848150 461.878950 389.097122 1.498618 0.125000 1.291540 
566.931066 4.724006 581.873208 5.653804 2.650440 0.125000 0.361889 
1.861190 174.576950 15.632274 175.518630 1.844027 0.125000 2.194630 
40.620362 404.531422 0.618469 403.345256 2.498902 0.125000 28.167502 
81.848226 273.004578 93.142757 272.783920 2.670437 0.125000 3.097720 
443.128873 386.222297 429.371346 386.311503 1.331025 0.125000 1.851591 
556.114831 225.882963 552.684526 215.774474 5.939865 0.125000 3.660556 
91.877506 134.402604 106.979998 133.031768 2.715758 0.125000 7.825488 
100.539315 67.498219 121.901093 70.435214 4.612885 0.125000 17.628758 
613.122681 284.230526 588.129119 284.631653 0.885605 0.125000 1.851591 
292.123612 18.822327 285.816823 19.627506 3.719808 0.125000 0.388450 
596.855353 189.649821 610.624346 190.634151 1.870753 0.125000 0.970615 
583.127138 401.832848 613.176639 403.356718 3.238718 0.125000 17.070160 
596.927888 18.992427 613.212283 21.243625 2.476448 0.125000 1.176632 
613.317804 65.791530 599.343021 63.304709 4.786989 0.125000 0.500614 
65.624525 363.035485 43.125159 363.154949 1.269893 0.125000 2.194630 
135.744368 31.323993 119.446847 27.793353 2.280288 0.125000 0.917793 
184.359705 113.034291 221.847723 106.713232 2.909697 0.125000 23.664862 
271.816019 121.914847 281.328092 135.994486 2.463030 0.125000 6.082190 
449.415760 55.245796 464.377259 56.853982 2.218500 0.125000 3.616658 
514.385607 67.111669 545.684783 65.708900 2.441527 0.125000 4.115794 
560.626127 321.814310 578.120093 322.139209 1.342629 0.062500 4.000810 
585.629709 18.236156 575.594763 18.661314 2.709408 0.062500 0.042515 
18.109939 186.472336 31.887419 185.957026 1.622889 0.125000 0.970615 
10.621268 397.024281 36.886102 397.680956 1.843223 0.125000 16.938366 
255.525616 206.979735 269.659972 220.391984 2.581253 0.125000 10.326006 
417.875420 26.510670 441.825967 22.807848 4.571478 0.125000 10.619187 
552.944128 169.220760 569.365691 171.931397 3.089201 0.125000 0.527100 
581.903554 304.772079 601.890090 303.334842 1.335812 0.125000 0.090826 
0.634394 373.206214 11.878534 371.905551 1.816263 0.062500 2.796690 
84.366194 142.794098 51.855953 143.659274 2.798399 0.125000 6.057340 
120.802612 59.231780 133.379904 57.213421 6.567167 0.125000 7.381965 
235.457970 244.325839 239.819800 229.505914 1.905007 0.125000 0.970615 
273.950445 219.851503 256.123710 203.968217 3.020941 0.125000 8.606362 
600.607403 237.168728 613.211937 237.923853 2.495526 0.125000 5.806990 
248.114789 289.014841 268.134137 288.447260 1.710027 0.125000 5.167791 
523.072084 54.633373 508.184528 51.584341 2.449163 0.125000 2.611159 
536.876592 41.894890 519.289172 43.302982 3.438762 0.125000 3.380407 
604.370798 130.420685 580.656532 130.908347 2.987766 0.125000 2.901013 
613.143249 364.444633 591.879006 364.115882 1.778086 0.062500 0.042515 
135.625748 143.116812 119.396923 141.634910 1.813163 0.125000 2.194630 
226.905715 277.126011 205.667800 279.724772 2.936960 0.125000 0.557326 
410.610965 274.976224 378.099139 275.679574 2.499415 0.062500 0.959401 
503.084099 58.986577 524.231239 56.759764 4.579801 0.125000 6.770871 
29.400737 208.719845 9.330143 209.588234 2.011367 0.125000 6.270747 
522.037783 403.000121 509.418683 401.506049 2.298571 0.125000 0.090826 
51.862208 332.398102 25.627897 331.756552 2.346457 0.125000 4.191805 
71.820719 3.472102 82.992973 5.219255 3.242507 0.125000 1.747313 
105.468244 131.218556 119.247543 134.857615 3.625691 0.125000 0.809125 
419.451844 3.849416 406.855591 2.007748 2.112026 0.125000 2.194630 
434.368531 339.465024 413.138330 337.939496 1.873913 0.125000 1.763286 
441.854078 47.037839 465.692374 50.100607 3.629188 0.125000 2.901013 
60.611449 155.454059 41.880072 156.938983 1.838791 0.125000 3.616658 
326.963200 248.744930 300.711068 252.479941 2.127982 0.125000 12.922339 
393.952982 133.159273 392.222172 111.846806 2.592977 0.125000 11.145869 
555.327545 238.107022 556.009581 226.822693 2.947927 0.125000 6.270747 
553.103408 398.237698 562.236620 399.987522 2.043223 0.062500 0.388450 
34.367019 47.830409 68.126105 46.915801 2.702200 0.125000 5.398812 
21.876266 210.783578 46.874673 210.584058 1.299842 0.125000 4.000810 
336.809050 218.245830 294.602081 195.208954 2.491716 0.125000 31.759377 
341.876676 404.345552 313.148556 402.710993 1.318989 0.125000 7.613170 
390.604125 399.815508 370.589835 398.867040 2.733880 0.125000 0.349951 
580.593240 298.487097 553.194386 296.083927 1.900533 0.125000 4.612926 
26.851728 287.013334 40.632286 289.331689 3.502245 0.125000 6.047806 
46.868306 24.200782 30.642262 24.824252 2.737208 0.125000 1.366079 
50.625000 225.625000 28.125000 225.625000 1.250000 0.125000 3.097720 
195.623794 56.881411 180.682022 54.071754 3.454407 0.125000 2.072223 
324.360725 407.492386 301.872747 406.972434 1.625287 0.125000 8.516260 
543.131735 160.537297 564.352589 162.166844 1.724859 0.125000 6.710080 
578.055073 208.921423 594.398583 210.356410 1.834430 0.125000 0.025378 
602.932267 391.407259 578.201594 385.314122 3.078201 0.125000 5.592504 
100.623784 46.887646 124.394338 49.173946 2.081985 0.125000 6.129558 
379.397252 259.112029 339.366556 255.724793 2.998894 0.125000 20.386047 
375.710499 204.283974 388.589240 216.380751 1.822221 0.125000 0.885324 
421.864780 40.789421 401.786958 39.541425 3.897872 0.125000 18.007753 
473.124419 66.643505 488.124324 66.605842 2.528240 0.125000 1.763286 
546.840751 254.972423 555.469561 237.412870 3.346306 0.125000 17.268925 
30.661455 176.371307 0.611039 177.839191 2.131104 0.125000 14.555062 
91.880748 124.333367 79.445223 122.616393 1.792643 0.062500 4.000810 
69.406147 162.719883 94.354777 164.638036 1.250000 0.125000 4.000810 
223.258646 183.878300 253.115114 191.911741 2.971638 0.125000 15.035742 
403.124413 366.938657 430.622076 367.192164 1.388229 0.125000 2.733638 
470.706677 20.365769 459.397804 16.802623 2.326668 0.125000 2.194630 
526.724474 54.936842 541.969765 59.021286 3.666194 0.125000 1.100731 
118.140123 144.826835 85.604435 144.210376 2.688989 0.125000 7.164256 
606.920764 218.849318 578.171014 216.346446 2.165346 0.125000 2.149323 
75.630152 199.216253 45.621193 198.242296 1.938659 0.125000 6.231661 
284.397813 218.784922 273.116349 218.348760 1.587105 0.062500 0.472407 
304.276151 233.963582 331.689935 237.195003 2.997385 0.125000 15.862360 
570.573101 171.301530 585.675658 169.934761 1.701180 0.125000 2.194630 
30.624116 306.205657 0.624186 306.160007 1.295649 0.125000 7.613170 
20.604854 173.328328 3.152340 171.599073 1.490410 0.125000 0.388450 
26.852111 76.456034 43.121842 75.567197 1.725451 0.125000 0.025378 
45.624603 166.857103 66.891872 166.384902 1.638153 0.125000 3.097720 
111.882246 7.944099 96.856285 7.342196 2.798188 0.125000 2.611220 
272.988909 190.480851 293.041867 188.523366 3.459714 0.125000 11.336430 
410.420950 136.249675 422.062087 140.052257 2.290822 0.125000 0.090826 
505.655484 27.644729 534.369142 29.467284 3.049256 0.125000 10.107861 
580.642858 80.803097 598.092749 79.053364 1.362240 0.062500 2.796690 
74.375000 399.375000 48.125000 399.375000 1.250000 0.125000 5.806990 
93.120342 31.997281 113.138911 32.759761 2.878799 0.125000 0.051260 
129.372453 397.530042 153.122018 397.428381 2.494627 0.125000 4.989640 
178.083013 405.237245 164.358581 406.723365 1.805372 0.062500 0.769723 
301.886833 269.223296 283.153305 267.762112 1.537823 0.125000 3.097720 
560.631120 66.829859 591.816338 71.057698 4.555649 0.125000 29.221540 
586.887304 326.437792 570.615014 325.979865 3.678190 0.125000 4.989640 
335.621490 18.457802 345.626985 18.479992 3.761077 0.125000 0.361889 
426.857984 197.569106 441.882169 197.109209 1.555376 0.125000 0.970615 
483.088512 388.328756 466.692760 385.392665 3.030259 0.125000 6.253975 
505.213814 102.489909 496.194935 114.792802 2.285367 0.125000 0.917793 
537.268154 263.552531 546.423164 255.133656 2.136135 0.125000 2.194630 
559.426984 326.235944 536.973875 324.409499 2.056655 0.125000 2.816243 
64.378960 403.974828 41.868795 403.752100 2.574083 0.125000 6.411219 
159.405083 376.587805 174.371801 378.155538 1.633866 0.125000 0.388450 
519.387468 386.125639 499.368754 386.624174 1.716408 0.125000 6.023717 
583.133406 173.777893 565.620215 174.003388 2.660726 0.125000 3.640616 
600.474764 178.922823 581.912219 175.427349 2.616326 0.125000 4.467748 
36.803410 380.866517 54.392245 379.617927 3.740587 0.125000 2.755914 
573.133724 46.699245 546.886349 45.396373 3.116640 0.125000 13.609022 
19.372276 243.157904 30.648481 244.091340 1.864468 0.125000 0.388450 
44.317409 212.211356 21.906456 213.624025 2.101861 0.125000 11.596343 
249.229199 197.754257 201.789979 189.887722 2.280551 0.125000 16.058282 
201.912926 39.185882 218.257629 42.463641 2.700284 0.125000 2.816243 
479.375000 0.625000 498.125000 0.625000 1.250000 0.125000 0.388450 
16.903441 357.444914 0.631585 358.256945 1.559959 0.062500 0.042515 
0.625307 339.355139 44.364823 340.032321 1.772310 0.125000 24.262099 
48.120093 364.711926 69.365587 365.021344 1.559319 0.125000 8.043686 
284.382861 123.100820 298.684070 127.750241 5.141493 0.125000 21.393664 
488.187680 48.812457 502.181778 50.371711 4.830828 0.125000 3.497976 
518.223670 65.236483 488.252057 57.624711 2.153829 0.125000 20.123051 
507.952595 47.637930 521.840796 50.776359 2.555668 0.125000 5.806990 
519.391503 45.161229 508.118474 45.052674 3.785936 0.125000 0.000444 
459.240497 31.479209 445.631097 29.336278 2.080715 0.125000 0.090826 
83.117385 258.295928 65.596472 257.515335 1.471301 0.125000 0.388450 
93.190562 162.207371 70.627124 160.595271 2.493643 0.125000 7.078274 
425.647061 380.918412 448.114034 379.229157 1.527644 0.125000 0.074967 
36.870591 143.047975 15.618675 144.264499 2.424477 0.125000 5.432140 
448.031632 404.642474 460.637730 405.418105 3.052036 0.125000 2.611159 
0.624317 355.554213 20.622452 355.361136 1.346484 0.125000 1.291540 
419.314426 14.531891 441.883657 13.281226 2.219522 0.125000 5.432140 
440.991409 35.460044 416.045735 29.000253 3.856930 0.125000 8.933322 
613.055319 397.475658 585.634326 394.294609 1.282171 0.125000 0.194748 
24.394649 231.021322 0.628469 230.474296 1.364724 0.125000 1.851591 
71.864682 33.404721 86.890346 33.958981 1.663854 0.125000 5.806990 
161.850930 388.451174 148.175403 387.441991 2.677207 0.125000 0.917793 
530.707684 145.937942 545.655024 141.988634 2.667652 0.062500 0.586542 
564.384247 285.760792 579.399736 284.738231 1.756684 0.125000 0.090826 
1.862747 322.322818 19.383832 322.802214 1.659795 0.125000 6.082190 
8.547657 283.607775 28.459247 287.779733 4.043161 0.125000 4.750701 
590.638427 365.509230 613.125888 368.117342 4.301072 0.125000 4.980625 
316.075582 163.266767 312.517035 174.577004 2.693005 0.125000 2.733638 
402.064863 38.486172 388.148806 35.513556 2.005788 0.125000 0.970615 
433.133947 341.672756 451.902514 342.503095 1.469767 0.125000 0.090826 
440.692447 155.867709 464.674637 149.203249 3.012143 0.125000 13.937862 
190.637573 32.934668 219.427088 34.836502 2.329772 0.125000 1.285324 
450.653294 192.074731 431.924980 194.727815 2.836297 0.125000 6.253975 
563.112213 163.528709 545.629752 162.974965 1.368092 0.062500 2.796690 
176.727120 50.015694 185.849883 47.801578 4.823482 0.125000 0.563009 
385.665174 406.283213 414.367757 408.231691 2.324936 0.125000 8.863805 
405.687072 386.674123 419.296363 390.879483 2.388563 0.125000 0.074967 
578.153656 46.425512 595.662185 47.541727 2.574464 0.125000 1.366079 
506.176014 195.264137 497.710786 211.661155 5.088548 0.125000 15.266421 
585.603107 43.311700 571.895023 41.704244 3.065314 0.031250 2.040427 
110.641782 26.735541 86.934244 23.882675 1.436697 0.125000 1.747313 
131.870430 359.512768 160.671667 360.468102 2.871582 0.125000 9.065049 
476.848915 342.223309 490.615317 343.254299 1.713275 0.125000 0.388450 
508.043767 13.920234 519.387137 13.379716 4.043228 0.125000 6.129558 
540.520241 37.590988 565.533443 41.250759 2.473663 0.125000 3.380407 
55.652806 152.769442 76.870794 154.428779 2.297475 0.125000 1.582194 
160.891914 141.101004 173.604371 145.484924 2.689256 0.062500 1.054928 
330.602844 219.113002 309.398778 220.906173 1.456220 0.125000 4.000810 
360.633183 263.360150 379.403951 262.706965 0.667715 0.062500 0.472407 
373.270575 17.378331 396.855205 21.976530 2.932205 0.125000 4.244233 
480.735411 31.129173 469.364512 29.445843 3.022207 0.125000 1.763286 
51.914012 242.373892 36.908025 243.547331 3.174542 0.125000 1.035747 
269.228752 251.502252 236.796571 246.095445 2.054863 0.125000 21.889417 
601.895195 258.885174 611.929674 259.298885 3.798309 0.125000 1.022641 
596.872593 394.137837 613.133606 393.972768 2.601378 0.125000 1.176632 
35.629069 257.093594 61.893236 256.604735 1.874567 0.125000 1.747313 
115.642445 26.288459 136.910608 25.729235 2.597704 0.125000 17.547159 
371.411007 175.293894 349.458747 164.209147 1.767581 0.125000 1.853658 
78.102202 153.940388 88.140152 153.413848 1.706634 0.125000 0.388450 
476.974182 25.770489 499.405552 27.784772 2.474759 0.125000 5.598757 
304.360921 1.417221 315.638697 1.070369 1.556817 0.125000 0.388450 
285.699386 252.779073 300.550271 255.972522 1.918559 0.125000 1.291540 
3.120321 226.926471 25.548603 228.965382 2.150214 0.125000 2.378717 
235.315387 248.967632 248.351825 253.757680 2.035530 0.125000 3.097720 
405.611675 181.855273 430.316153 165.167777 2.071656 0.125000 9.685945 
540.534263 383.684710 553.109070 385.723265 3.701674 0.125000 1.582194 
79.379282 407.017310 63.143982 407.505828 1.550197 0.125000 1.291540 
138.026560 131.370510 181.837960 137.155517 1.823951 0.125000 18.007753 
386.658819 218.349632 377.095375 209.146009 1.250000 0.062500 4.000810 
584.353395 133.224711 595.875005 135.721192 3.135543 0.125000 0.194748 
338.873273 253.027532 343.033088 231.614315 2.524507 0.125000 5.598757 
526.824273 88.709400 565.607565 92.075863 2.490635 0.125000 30.888812 
306.991542 252.377695 328.117622 255.672311 1.733487 0.062500 0.586542 
598.133088 56.941570 583.051970 58.773936 2.597778 0.125000 1.853658 
63.124102 130.634864 76.986803 131.897495 3.507777 0.125000 0.527100 
390.555520 179.265641 372.105495 190.987786 1.824529 0.125000 6.082190 
565.799262 117.349327 596.974535 105.895927 2.226775 0.125000 7.504762 
399.639823 235.954004 414.847968 223.712593 2.565298 0.125000 2.378717 
38.064322 369.746259 50.836056 371.833654 3.700896 0.125000 7.740405 
297.061201 129.931528 315.489505 134.879628 1.399267 0.125000 1.291540 
594.496451 50.006603 613.259227 53.691552 1.806039 0.125000 0.917793 
115.630662 358.249120 78.125324 358.060504 1.250000 0.125000 11.596343 
216.875000 403.125000 234.375000 403.125000 1.250000 0.062500 4.000810 
355.625492 408.116304 341.919278 407.341614 1.671241 0.125000 1.291540 
215.055140 140.581672 213.627582 118.172614 1.859186 0.125000 3.524099 
79.374992 360.643839 120.624984 360.661628 1.257547 0.125000 15.740980 
6.830268 47.216262 26.975684 49.856878 1.504051 0.125000 4.903900 
383.125000 369.375000 364.375000 369.375000 1.250000 0.125000 0.388450 
199.368044 364.697089 179.377368 364.265337 1.303690 0.125000 1.291540 
463.125000 361.875000 491.875000 361.875000 1.250000 0.125000 7.613170 
423.077684 166.791425 412.825370 172.595757 1.847517 0.062500 4.000810 
455.626786 145.631113 439.309159 150.399699 2.399633 0.125000 2.687551 
