553.183267 488.742410 533.009046 490.646329 3.381075 0.125000 17.063908 
414.440415 18.095708 422.429283 35.936532 3.695117 0.125000 10.675168 
564.356479 500.765918 549.288198 498.785421 2.804467 0.125000 5.068999 
341.884415 584.100146 301.870505 583.853093 5.177409 0.125000 37.727017 
451.856658 239.252816 424.228681 243.400317 4.016744 0.125000 10.794664 
735.439793 272.081234 740.091313 304.451689 3.015235 0.125000 29.830286 
498.657771 194.173694 503.002155 205.671417 3.820245 0.125000 1.423999 
503.089346 493.128010 505.631036 523.230035 3.542841 0.125000 15.318965 
420.886238 37.978981 415.969434 29.182478 2.310884 0.062500 0.691983 
531.886010 490.782646 515.628013 491.918136 2.391466 0.125000 1.656501 
462.443088 69.138321 467.176398 80.499430 3.461591 0.125000 6.870770 
513.486238 410.734313 504.553016 338.103105 3.284082 0.125000 100.199059 
409.492167 38.131033 409.580476 18.120390 5.044082 0.125000 2.042744 
398.483905 73.156972 400.281049 52.983007 3.402467 0.125000 14.451241 
769.275168 452.148637 771.761206 475.768542 4.776136 0.125000 18.938301 
522.446179 489.452364 513.739291 413.054990 3.191642 0.125000 93.484428 
283.072023 390.132269 378.182121 379.906271 3.728511 0.125000 74.764190 
0.551715 419.993388 14.405280 418.385970 2.627410 0.125000 7.561541 
369.423168 582.778542 351.839864 583.715915 4.210487 0.125000 17.063908 
392.461617 424.441043 385.105600 350.552265 2.988562 0.125000 80.662517 
516.924991 569.891195 401.914158 581.029337 3.368359 0.125000 124.222680 
228.144556 395.810682 278.116844 390.547558 2.552393 0.125000 52.932291 
13.108603 396.741435 22.031043 395.646073 4.178995 0.125000 4.257617 
474.816938 354.348340 476.178383 376.917023 4.420615 0.125000 16.115442 
140.565197 405.043037 170.633041 401.953248 2.614682 0.125000 28.487998 
69.463878 412.696290 139.455830 405.121925 3.023436 0.125000 71.339113 
86.803354 346.884528 91.833755 384.712933 4.877271 0.125000 23.011327 
421.873659 34.512870 430.362252 42.166415 3.059077 0.125000 1.656441 
296.988313 580.995059 309.466609 577.174179 2.487730 0.125000 0.792594 
179.295311 401.160276 225.665711 395.990130 2.484604 0.125000 44.463343 
488.153137 113.121788 497.672585 196.498502 7.700947 0.125000 138.169546 
18.219460 417.903934 40.759007 415.834711 3.632277 0.125000 5.684067 
867.408256 466.983139 859.312264 413.323060 4.336861 0.125000 48.205030 
563.047308 332.264715 584.461320 330.330814 2.594094 0.125000 2.155231 
187.806560 335.662092 192.039401 372.001451 3.664812 0.125000 28.048908 
29.448132 394.980437 39.453142 393.771918 4.022738 0.125000 0.898940 
371.747487 269.046878 386.889547 263.162433 3.235790 0.125000 10.369571 
626.809476 352.542544 676.878928 346.909915 2.763807 0.125000 57.766632 
41.843912 415.294433 66.857791 412.942015 2.489017 0.125000 19.551589 
574.381563 358.185899 621.868852 353.067959 2.619549 0.125000 45.621003 
400.142455 52.324600 407.829996 39.202177 2.974095 0.125000 3.408386 
589.564101 246.825080 609.457460 322.183212 2.987690 0.125000 96.924411 
790.599935 334.158283 833.109591 329.241771 2.432650 0.125000 41.922650 
46.876841 393.140698 57.030384 391.949865 3.724472 0.125000 4.257617 
314.386355 359.480294 338.129825 356.919743 2.619614 0.125000 12.759944 
154.370274 516.852426 133.260432 521.271900 3.555956 0.125000 11.661269 
333.332928 319.345901 338.428570 355.757449 3.392550 0.125000 23.879177 
681.971074 346.448153 729.408444 340.911546 2.647746 0.125000 47.648796 
501.109849 214.295322 502.375690 221.998138 5.339222 0.031250 1.739188 
338.186195 569.680045 251.898128 586.990288 2.957842 0.125000 51.643325 
438.548801 133.077453 439.964851 145.699064 2.484413 0.125000 4.852271 
373.258804 81.919430 379.113355 64.288120 3.155902 0.125000 3.465385 
366.170799 163.197098 362.585676 128.180217 3.064306 0.125000 47.303479 
93.454437 385.547839 92.812734 393.203600 2.908897 0.125000 1.239911 
471.969222 341.855761 474.714451 355.300455 2.975245 0.125000 6.202180 
519.544634 320.423005 535.845548 334.112377 3.712654 0.125000 5.381876 
734.214768 340.441016 784.287942 334.845885 3.317398 0.125000 41.048736 
376.871637 519.357689 361.949232 522.257057 4.431389 0.125000 1.494852 
454.978636 57.717528 462.731638 69.202957 5.232219 0.125000 2.849731 
512.563536 493.135908 512.927682 511.878834 2.499528 0.125000 3.513030 
438.110927 155.596904 427.115180 161.104511 4.474509 0.125000 1.896362 
502.417011 223.053862 504.738467 240.741356 2.804073 0.125000 14.786261 
263.123093 443.119835 254.204333 446.412755 2.778204 0.062500 0.213092 
531.915433 363.449447 566.993753 359.077905 2.326228 0.125000 13.280590 
369.064655 196.908732 365.351590 162.747125 6.753680 0.125000 30.155219 
454.935045 198.342524 444.398325 104.372385 3.715273 0.125000 107.616059 
352.217808 582.885280 342.945872 583.790761 5.855924 0.125000 0.146012 
584.473713 333.401567 566.885597 334.538877 3.500202 0.125000 1.948118 
385.449200 317.032452 384.176645 305.508866 3.856993 0.125000 1.218141 
403.159114 51.878988 401.251525 68.198236 2.483093 0.125000 5.127472 
894.556956 354.543215 897.499081 373.223581 3.120910 0.125000 12.835141 
398.173604 185.785355 400.326462 201.914847 2.890160 0.125000 1.218141 
475.674428 565.487041 446.814764 566.769800 2.525183 0.125000 17.866546 
401.085162 511.829807 392.988432 429.388413 2.965778 0.125000 89.971375 
370.048136 130.556460 375.529018 184.384773 3.282887 0.125000 52.211642 
839.286769 328.625074 884.397664 323.317638 2.482875 0.125000 46.689534 
445.562628 528.887448 420.493176 532.094547 3.272881 0.125000 22.114027 
861.967271 304.098547 871.995660 303.148071 3.851214 0.031250 1.176372 
487.196748 532.867346 489.921721 549.490287 3.518662 0.125000 18.659185 
716.465993 281.761157 719.856754 306.809786 2.374670 0.125000 11.046141 
683.137720 380.623381 685.525648 399.387643 2.186809 0.125000 10.270811 
690.486775 458.663988 673.155761 462.033233 3.442543 0.125000 2.425689 
431.513057 94.058702 436.421931 107.841158 2.826954 0.125000 1.040119 
211.676178 394.332699 186.878515 398.147847 3.231237 0.125000 3.476667 
522.425733 409.458448 511.678343 319.398468 3.095469 0.125000 96.022245 
506.881924 263.123835 509.200818 276.904310 2.255191 0.125000 2.661940 
723.080681 278.131352 727.018290 305.604463 2.305487 0.125000 14.572969 
505.595967 413.457216 502.890266 423.401247 4.040738 0.125000 0.221914 
528.014384 512.408593 563.324546 510.422288 6.450751 0.125000 48.441625 
570.824191 472.342507 561.615538 476.266032 3.449912 0.062500 1.165989 
98.257990 387.782539 108.227090 386.321673 3.891612 0.031250 1.176372 
371.761977 259.086261 385.806513 253.588708 4.353434 0.125000 8.881410 
400.679595 103.360645 394.943686 74.262897 4.162706 0.125000 22.541470 
788.260433 365.612420 786.868387 350.625614 2.720501 0.062500 1.262709 
813.252328 443.538655 804.205230 446.323463 3.860320 0.125000 1.656441 
437.925745 66.953370 428.922002 44.061526 2.822916 0.125000 11.951808 
502.818035 289.536045 501.371156 275.547821 2.701233 0.125000 0.067922 
786.382633 368.192402 788.444242 383.252414 2.528604 0.125000 5.316029 
504.427984 522.300260 490.581446 524.025430 3.253545 0.125000 5.998552 
692.991626 381.659938 694.486932 398.114828 7.129848 0.125000 17.386007 
262.095140 533.330406 258.358292 491.853981 3.835899 0.125000 38.629689 
401.964409 580.735182 370.603415 582.796633 3.150531 0.125000 39.233539 
797.507478 346.552941 794.887097 361.747747 4.545171 0.125000 11.336574 
161.877087 400.658615 144.289663 401.750749 2.495194 0.062500 0.417838 
400.060692 532.521502 385.760764 535.121655 5.143117 0.062500 1.294513 
510.126582 331.798288 514.105334 370.780108 4.694607 0.125000 30.969408 
435.700518 109.366449 437.828416 128.158583 1.969002 0.125000 8.464631 
360.460164 103.159493 360.033028 85.639432 5.303172 0.125000 0.932270 
386.824493 253.927033 424.410437 249.689303 4.444922 0.125000 26.814837 
879.379549 301.953353 888.172482 301.442872 2.930484 0.062500 0.213092 
801.803122 461.885131 799.335895 444.380512 2.857548 0.125000 10.369571 
834.726209 265.571517 838.932353 293.192407 2.308465 0.125000 17.186001 
842.204328 282.195375 849.087265 301.975126 2.447306 0.125000 1.651537 
325.607749 382.968189 288.148563 387.089182 3.019492 0.125000 7.819893 
554.484188 316.897894 550.005764 338.257253 2.762459 0.125000 1.194605 
890.314306 375.445814 881.724122 330.415327 4.613083 0.125000 34.121669 
410.562997 201.881524 404.900988 148.069656 4.906623 0.125000 50.546831 
634.495000 329.316408 645.756655 328.182116 3.605854 0.125000 0.221914 
799.207081 444.298412 798.075123 428.305477 6.410909 0.125000 1.685477 
388.066296 263.837304 495.513801 252.106486 2.799819 0.125000 88.020733 
605.895607 500.590829 600.379249 456.906033 2.962772 0.125000 38.314625 
784.508981 350.615860 785.363555 363.142835 1.842631 0.062500 0.213092 
307.887049 502.467324 297.844838 506.100659 4.802129 0.062500 0.655221 
432.191897 302.813210 438.908583 291.595724 5.355641 0.125000 0.977676 
687.727963 398.171641 685.521302 379.387182 3.066279 0.125000 6.950171 
751.157871 375.578360 751.486355 388.135167 5.096356 0.125000 7.444392 
716.385931 431.824250 715.764206 453.129062 4.003642 0.125000 10.191732 
776.226284 360.837061 771.192871 345.439366 4.387078 0.125000 4.039751 
387.039288 268.650504 373.445541 272.900306 3.057977 0.125000 1.040119 
820.606788 424.302610 821.493879 439.397398 6.532569 0.125000 9.864015 
474.007002 518.900975 463.986253 500.255732 2.958774 0.125000 5.048041 
583.133728 365.703210 609.474181 362.763766 3.039107 0.125000 28.016236 
478.877166 384.246377 476.523282 393.357084 3.358581 0.125000 0.792594 
39.359752 519.172963 60.677008 517.564092 3.457145 0.125000 8.664918 
730.577824 280.631703 733.785547 303.208749 2.130219 0.125000 13.883171 
751.793951 493.478960 738.043388 494.722734 2.827653 0.125000 3.389084 
839.752069 260.750366 842.767478 281.746827 3.191959 0.125000 9.555471 
620.601759 380.375893 638.066360 378.746480 3.733785 0.125000 9.555471 
605.303390 369.386251 606.003741 389.405480 4.953240 0.125000 13.254268 
598.234875 386.864964 596.865826 371.875838 2.375940 0.062500 2.264070 
771.878323 344.409508 799.483430 341.750827 2.893886 0.125000 13.280590 
672.423347 278.218168 676.728995 310.644387 3.300921 0.125000 19.850942 
478.363513 550.752674 476.596342 536.752393 3.407403 0.125000 11.246448 
600.738932 408.113014 598.760617 389.308132 2.420169 0.125000 2.685898 
680.829953 361.853919 682.255593 375.714424 2.486880 0.125000 2.521984 
372.313199 331.906017 371.784964 318.080680 2.302701 0.125000 0.896872 
453.063629 385.047496 477.073824 382.495940 3.464816 0.125000 5.255437 
572.435903 291.813194 576.442374 328.172671 2.348050 0.125000 18.889218 
653.151283 327.176582 663.184020 326.302211 3.952896 0.125000 2.506677 
684.785061 376.830214 683.151379 361.872119 2.485222 0.125000 3.389084 
630.832144 446.854449 632.453012 463.191670 2.611197 0.125000 5.998552 
691.433908 361.896846 692.181097 376.983655 5.117543 0.125000 7.844160 
348.108413 499.338280 337.927295 503.937333 3.417498 0.125000 0.067922 
379.859378 212.951437 368.632691 218.003246 3.590573 0.125000 5.068999 
379.829085 129.037613 392.341220 122.812001 2.112813 0.125000 1.778920 
411.925342 330.022539 419.952937 314.037494 2.809786 0.125000 3.658207 
578.319338 288.252380 582.238455 320.731974 3.337412 0.125000 13.593554 
506.575654 476.896801 507.313291 487.025152 6.233490 0.031250 3.406323 
567.685864 454.416553 569.338186 471.878484 2.606637 0.125000 7.744048 
790.932379 385.592875 789.109650 368.152733 2.226589 0.125000 0.808568 
103.051690 417.305891 125.594864 415.288281 2.824335 0.125000 17.186001 
571.784593 471.881294 570.479593 453.135122 2.407157 0.125000 5.926574 
606.018184 388.251339 608.623482 405.920128 4.803947 0.125000 6.729780 
738.105178 491.627528 750.624975 490.624692 2.066629 0.062500 0.213092 
320.047878 321.824913 322.474436 354.423426 2.214731 0.125000 17.011068 
444.310498 569.931883 461.890898 568.295837 2.171226 0.125000 2.506677 
739.250894 367.217597 754.478925 365.134844 3.323874 0.125000 12.124094 
451.622193 210.405293 450.690431 222.079752 6.528535 0.125000 3.795982 
417.477719 248.064555 414.101855 214.402393 3.107620 0.125000 40.040156 
776.885874 313.296260 786.924770 312.658826 3.049453 0.125000 1.656441 
181.897930 409.568948 210.688857 406.165125 2.922989 0.125000 22.114027 
327.162474 320.599387 329.613009 348.103794 2.157344 0.125000 15.641534 
670.743755 479.544649 668.461253 464.324573 4.264685 0.125000 1.801195 
375.275750 235.546609 376.590155 250.649790 2.924089 0.125000 2.685898 
79.379088 556.918594 134.364498 551.762994 3.772695 0.125000 42.030805 
115.633007 385.708134 125.779670 384.730833 3.612883 0.125000 2.521984 
403.026179 124.672163 401.276730 116.731415 3.661469 0.062500 5.593524 
668.383885 463.242955 665.397762 438.152044 3.132831 0.125000 19.578290 
743.147844 390.622696 741.637556 375.648949 5.100201 0.125000 3.897457 
445.767227 567.447186 422.820736 573.150929 5.133019 0.125000 14.775952 
421.933315 257.396621 396.965878 260.187888 3.317803 0.125000 10.471339 
388.017525 204.805401 409.391730 202.002586 2.219771 0.125000 0.081028 
586.900959 389.480265 585.388685 371.895323 4.446100 0.125000 5.837349 
828.284019 278.085952 824.525845 262.781018 3.067234 0.125000 3.513030 
841.968325 354.989085 858.222843 352.518810 3.410680 0.125000 8.524447 
334.334262 394.058159 362.019457 390.498512 2.957811 0.125000 12.057694 
505.988740 468.092266 506.678353 475.755189 4.755797 0.062500 0.226329 
854.165138 356.873008 853.987080 375.633182 6.285309 0.125000 13.301826 
369.268550 214.100303 381.821124 209.235970 1.879422 0.125000 1.239911 
700.653887 499.538376 689.316298 501.542995 2.101463 0.062500 0.213092 
250.742496 586.718713 225.629466 589.416568 2.352180 0.125000 13.703607 
551.381791 323.168155 552.309479 306.899776 2.922932 0.125000 0.864275 
793.191154 311.736583 804.475578 311.065012 3.817637 0.125000 3.408386 
439.450340 497.602929 447.277821 517.473929 3.947192 0.125000 4.523764 
445.494481 555.826865 475.802787 552.052725 2.644731 0.125000 16.296766 
670.527359 355.970999 696.741565 353.139607 2.922926 0.125000 16.213847 
468.236805 522.991895 446.949856 525.122791 3.233323 0.125000 20.051288 
475.700834 251.269701 450.461907 254.238469 3.432271 0.125000 15.073763 
584.326482 413.963837 601.877102 411.892810 4.526085 0.125000 4.944464 
282.974763 500.760499 285.634413 528.245050 4.695754 0.125000 24.107089 
634.021829 385.606195 634.364059 401.927650 4.920288 0.125000 9.917548 
1.816560 454.377073 1.239345 438.103210 1.736605 0.125000 3.046091 
531.652113 488.151604 522.520758 411.648723 3.298996 0.125000 66.093182 
133.084130 384.035754 142.005825 382.960927 4.022101 0.125000 0.808568 
676.472591 400.518117 672.244116 366.986082 4.033314 0.125000 33.760564 
803.661071 475.550198 801.779075 462.062807 3.023024 0.125000 8.464631 
482.526126 343.050310 489.558181 404.353988 1.731248 0.125000 31.457011 
596.481181 390.525132 598.240912 405.611480 2.483164 0.125000 3.389084 
833.125472 303.129660 846.986481 301.725375 2.361273 0.125000 3.949181 
129.491218 550.618384 128.777836 538.087833 2.155155 0.125000 0.336821 
370.451742 118.834925 377.043197 101.464495 4.513012 0.125000 2.308082 
679.429443 502.373777 633.184660 507.421566 2.756512 0.125000 44.547853 
66.876824 385.644830 85.583574 383.924532 3.734243 0.125000 1.380190 
170.569453 549.042090 183.136715 546.945215 2.020379 0.062500 5.406205 
354.376705 370.637646 339.147931 372.690650 2.881367 0.125000 0.411361 
797.748917 365.820459 799.858103 383.367435 5.459437 0.125000 14.551793 
329.200462 524.621545 325.605831 485.626767 4.519925 0.125000 32.076985 
618.186941 331.154448 628.196184 329.983451 4.160344 0.062500 3.864507 
635.157261 464.423096 633.236350 445.742084 2.998325 0.125000 13.002464 
845.998466 379.327060 843.946345 363.340481 3.560330 0.125000 11.046141 
883.090841 331.516018 898.191995 330.079065 2.133531 0.125000 3.545846 
803.238502 453.592759 808.000129 465.161920 4.175954 0.125000 1.117505 
175.613879 374.261009 191.952272 372.667060 3.459163 0.062500 3.886189 
274.384721 420.716851 291.952530 418.857547 2.939812 0.125000 13.310953 
736.976672 473.256712 734.364537 450.482827 3.155816 0.125000 13.809102 
316.645860 575.768443 340.412139 570.847054 4.389198 0.125000 10.907927 
408.563476 34.708630 397.210076 49.629954 2.184115 0.125000 0.898940 
573.090188 517.434610 555.580189 516.345345 3.975596 0.125000 2.994179 
481.835128 192.717272 464.258735 194.436080 1.863131 0.062500 0.073379 
404.886214 147.953013 402.612491 124.669179 5.855949 0.125000 16.739629 
624.329294 405.628932 622.825519 388.150767 2.361141 0.062500 3.304919 
184.273832 546.795839 203.105021 545.362516 2.397921 0.125000 2.685898 
615.657561 507.134839 679.501487 499.134373 3.860802 0.125000 65.295675 
659.377944 495.647240 675.673330 493.490088 2.314337 0.125000 0.898940 
669.491483 549.878251 631.701438 558.625145 3.111546 0.125000 22.868119 
779.276179 388.138416 775.587631 360.969482 4.388557 0.125000 16.898881 
378.298318 361.862252 379.402403 376.872984 2.163568 0.125000 1.656441 
293.221012 366.542670 304.478563 365.364840 3.859714 0.031250 3.383118 
275.630007 368.204036 285.668906 367.568088 2.969162 0.125000 1.778920 
355.814972 358.705231 367.134998 340.789277 3.338444 0.125000 6.301697 
647.593430 346.769141 645.403627 331.907619 2.798860 0.125000 0.221914 
284.380404 536.928462 316.676766 533.663879 3.632190 0.125000 26.794093 
552.088476 468.079700 556.365096 488.233203 3.483446 0.125000 9.248346 
375.608737 437.273167 384.379405 437.105715 3.892483 0.031250 1.974424 
243.127753 423.164886 266.936872 421.521251 3.655009 0.125000 11.723555 
654.377231 346.892570 630.691764 349.900686 1.574882 0.125000 6.658451 
149.448556 381.867929 160.733010 381.200119 3.298195 0.062500 1.688543 
573.122596 319.375301 570.134326 295.529843 2.331480 0.125000 18.398621 
256.994744 370.461419 268.245837 369.221331 3.727427 0.125000 1.040119 
396.316727 272.890697 387.213620 268.648392 3.596055 0.062500 0.073379 
340.670979 570.914693 404.402694 560.799489 3.684392 0.125000 60.320466 
0.509553 475.844786 71.844288 467.850939 4.990140 0.125000 69.067458 
326.118818 516.882538 325.909282 530.610260 3.162718 0.125000 0.808568 
614.557578 555.633155 515.890035 569.951368 3.149534 0.125000 81.258049 
195.856069 544.352400 193.398600 519.225985 5.341280 0.125000 15.599344 
411.041331 515.582519 402.115053 428.100506 3.070569 0.125000 77.005512 
653.112864 401.656431 649.146792 379.194583 3.692876 0.125000 6.427247 
688.149399 498.297191 710.727434 495.097900 3.196825 0.125000 17.011108 
479.156773 395.980987 455.302492 401.803780 4.532297 0.125000 4.081631 
450.842635 223.014980 451.981765 238.210701 4.487048 0.125000 17.011068 
174.438131 390.041648 159.336811 391.471735 2.724559 0.125000 1.732833 
374.856630 148.203765 374.073533 128.136764 5.757816 0.125000 9.535262 
638.741356 362.721273 624.214049 357.306843 4.802037 0.125000 2.428840 
671.923105 535.288435 621.864451 537.924689 3.022445 0.125000 52.816833 
256.160479 493.090097 257.225771 509.433613 1.925578 0.125000 1.778920 
649.300371 377.472628 665.622757 375.605396 2.910009 0.125000 7.646235 
683.010995 544.089214 668.997758 549.679336 2.778927 0.125000 5.998552 
714.413565 315.975148 743.091037 312.816637 4.159738 0.125000 14.633640 
508.024935 440.503299 509.636377 455.729629 2.709505 0.125000 1.861525 
460.494457 245.454505 490.584951 242.689204 4.763795 0.125000 31.432719 
649.353826 406.685615 694.488408 401.639338 2.924469 0.125000 37.546233 
752.931992 313.903794 769.271943 315.458284 4.740759 0.125000 5.084867 
760.611650 394.320007 773.562248 391.176202 4.564006 0.125000 2.930334 
447.199410 598.095728 446.711317 634.372798 4.035545 0.125000 39.214688 
811.815830 310.011351 820.724064 309.152393 4.092605 0.125000 1.656441 
398.773822 44.810309 406.885165 32.720473 2.457387 0.125000 1.656441 
770.665336 477.015673 761.586511 479.618881 5.327413 0.125000 1.423999 
885.825615 387.278031 898.212246 388.463049 3.560023 0.125000 2.569380 
714.862060 303.737920 710.297225 279.436570 8.986456 0.125000 53.773510 
820.624955 484.374626 775.681356 489.838556 3.153188 0.125000 46.800791 
3.640504 436.840941 5.959204 471.935507 3.389887 0.125000 34.066518 
377.268893 173.101709 375.800147 148.262469 5.722616 0.125000 16.641223 
239.424993 372.365158 249.448216 371.342845 4.111151 0.125000 1.656501 
695.515550 400.951097 759.405493 393.382402 5.423689 0.125000 68.172264 
831.936550 395.445951 848.390653 401.102214 3.213906 0.125000 13.002464 
605.723148 333.105407 590.510340 256.897889 3.421203 0.125000 67.124455 
593.624234 353.050603 591.200928 336.789174 2.288452 0.125000 2.521984 
707.973449 489.517205 740.547829 485.060900 2.371976 0.125000 20.523865 
371.901220 528.514932 404.505955 526.322527 7.986280 0.125000 25.927192 
689.799767 440.579520 689.242748 450.686601 5.059315 0.125000 1.117505 
96.814962 466.281709 120.699852 463.864678 2.990701 0.125000 16.164553 
220.742536 374.265693 232.001795 373.105551 3.858371 0.031250 5.089526 
130.693656 537.316258 127.639233 520.486301 5.033481 0.125000 13.067719 
151.930656 550.023764 166.821069 548.746345 2.384008 0.125000 5.755361 
648.193148 426.589955 636.986033 423.910577 3.365982 0.125000 1.656501 
749.012330 405.665443 770.531711 402.492333 5.533339 0.125000 12.881602 
135.623078 551.861072 151.738707 549.637293 4.398269 0.062500 2.811537 
730.777457 302.039594 727.211620 278.261976 4.388553 0.125000 10.907927 
398.469563 230.602472 399.370062 244.375323 1.899766 0.125000 0.896872 
723.817553 304.449712 720.459891 279.397129 4.700197 0.125000 11.031052 
648.257835 386.856095 650.599060 403.306591 2.479718 0.125000 3.358919 
59.285823 524.340796 58.773699 544.391569 5.157951 0.125000 18.851954 
172.558755 435.605602 172.915112 448.166418 3.087540 0.125000 3.389084 
465.693208 209.061865 455.106404 206.755812 3.635443 0.125000 0.067922 
486.456601 338.601734 482.871358 326.054655 6.181561 0.125000 5.381876 
611.752235 410.872959 636.835174 407.799931 4.305528 0.125000 14.552981 
664.449962 545.529879 644.372280 546.833094 3.175367 0.125000 3.467533 
620.610713 537.941895 505.628002 546.913475 2.528144 0.125000 88.414115 
425.467264 419.197417 491.736907 411.875194 4.530199 0.125000 60.035359 
874.066250 410.454587 872.806561 421.976844 3.666140 0.125000 1.861525 
275.581956 496.635736 288.343563 494.339902 2.903149 0.125000 0.808568 
296.879014 376.921111 285.605623 377.902389 2.598978 0.125000 0.896872 
421.801061 201.290993 439.492261 199.051189 2.182123 0.125000 0.221914 
37.062081 488.081810 21.657179 490.469898 3.398430 0.125000 3.834370 
376.373578 114.424020 381.383746 165.673026 2.178975 0.125000 27.492362 
229.468738 551.682848 191.931190 555.009114 2.884171 0.125000 30.617020 
401.318506 421.934050 394.007163 353.031393 2.693905 0.125000 62.840709 
1.617096 492.625637 24.475676 480.819932 4.051778 0.125000 13.308329 
429.895113 88.961836 422.123060 79.177948 2.463807 0.062500 0.670273 
438.230696 303.460998 455.689047 304.313714 3.228794 0.125000 2.224145 
734.172792 495.279865 703.105120 499.218175 3.108948 0.125000 17.675901 
346.261171 480.692932 348.189571 498.117854 2.209836 0.125000 7.561541 
809.796401 400.306616 831.723609 393.860061 5.926689 0.125000 19.542607 
63.463889 448.100336 64.563009 463.202292 5.259015 0.125000 7.352456 
783.126145 339.385013 755.416666 342.552438 4.257846 0.125000 40.081717 
75.315928 482.408322 92.798841 474.868701 3.622821 0.125000 11.336574 
382.830692 351.905438 390.200886 423.168863 2.057463 0.125000 33.626489 
204.520763 376.532928 214.465132 374.936416 4.297017 0.125000 1.040119 
188.062222 552.485162 231.880972 548.185867 3.755524 0.125000 42.666459 
405.524955 561.159697 429.333703 557.829732 1.982416 0.125000 8.864271 
676.758350 436.111183 690.754610 433.973685 2.952175 0.125000 6.870770 
351.823257 440.058288 361.966955 439.132130 2.546586 0.062500 1.342894 
470.458100 239.393972 468.462302 221.836658 2.625185 0.125000 12.980081 
434.217446 246.982731 459.519322 245.316354 9.223966 0.125000 49.469004 
59.098355 545.107158 64.105338 554.518465 3.522628 0.125000 0.898940 
398.098039 196.727772 384.351222 199.245152 2.909430 0.125000 0.898940 
514.201030 371.751944 518.938229 413.174950 5.535726 0.125000 39.010696 
863.310886 323.258295 841.942824 326.129723 1.852729 0.125000 3.358919 
62.178260 495.984420 74.321877 483.075028 3.055477 0.125000 7.684121 
515.437357 291.743568 518.540189 316.823634 2.800769 0.125000 6.550043 
680.595499 495.376515 631.937717 501.153265 2.335198 0.125000 27.492362 
773.009468 487.203636 820.545745 481.242945 3.409817 0.125000 47.043071 
578.088180 455.599727 578.245980 463.174560 5.129088 0.062500 2.891219 
695.696042 409.130209 724.554792 417.505488 5.267713 0.125000 23.107734 
307.429288 484.342298 308.549028 503.321229 6.165530 0.125000 19.431328 
876.889139 514.465050 829.382705 521.924074 2.132770 0.125000 35.346151 
70.020475 375.513319 68.470533 349.207342 7.045882 0.125000 48.828562 
181.559148 341.806484 183.031588 361.881851 2.127557 0.125000 11.173901 
496.999160 449.071129 498.696883 456.748538 2.921850 0.062500 1.868194 
65.501292 550.632033 65.001425 541.839387 3.956801 0.062500 1.688543 
394.273754 49.293755 378.635654 68.781712 3.333832 0.125000 4.523764 
883.063366 378.736022 895.687058 377.518375 4.092719 0.031250 6.499671 
247.986731 450.490009 300.833563 445.214092 5.099443 0.125000 55.972685 
65.244041 540.753429 62.963281 511.789304 4.425314 0.125000 22.258830 
158.365447 407.786669 101.841512 414.073934 5.523454 0.125000 82.624667 
519.878226 414.230937 521.637781 435.644492 5.495044 0.125000 16.141499 
186.278515 482.685697 162.921875 473.650069 3.871789 0.125000 16.457831 
454.376658 401.878788 429.723984 412.672104 3.577603 0.125000 11.230489 
573.211477 363.051321 525.601210 366.551397 3.739907 0.125000 31.320495 
122.853057 419.390355 125.249101 461.825645 4.851114 0.125000 53.381430 
191.894384 375.864985 175.649401 377.177105 3.335284 0.125000 8.485363 
381.806134 210.118750 414.383458 205.687174 3.378800 0.125000 10.481338 
21.869421 423.400518 9.349245 423.147017 3.901056 0.125000 5.938485 
49.502098 443.352176 66.980257 441.848334 3.414729 0.125000 12.759944 
347.764833 419.407863 349.019382 433.157448 2.262495 0.125000 3.949181 
358.184654 379.976620 339.371731 381.842034 1.624419 0.062500 1.782995 
420.500530 312.980631 431.998003 303.067839 6.235548 0.125000 10.953450 
594.450854 353.737930 575.678969 356.061086 1.406395 0.125000 0.336821 
647.265175 399.477122 645.620012 385.625592 2.482551 0.125000 5.755361 
284.656644 394.751179 234.404088 399.672055 5.880626 0.125000 73.960179 
309.275991 444.846777 328.196829 442.439586 2.344316 0.125000 9.752709 
316.346164 519.312213 311.673492 465.642544 3.624383 0.125000 58.102362 
555.584681 518.453854 529.330268 519.603031 2.552270 0.125000 8.881410 
614.837668 501.055594 658.101370 494.225325 5.523619 0.125000 41.088708 
493.087946 406.879680 484.559339 339.351718 4.241815 0.125000 91.572487 
393.114052 475.624604 392.121060 503.088702 2.498368 0.125000 0.652256 
473.067755 271.952153 460.012596 262.265667 3.649461 0.125000 0.146012 
630.710909 558.739920 544.399222 570.798374 2.239194 0.125000 58.840820 
812.249356 386.417320 887.133965 377.902500 6.206186 0.125000 106.926119 
679.440310 351.680249 641.929267 354.001822 4.681590 0.125000 37.484996 
92.985128 463.171389 92.439194 446.814449 3.956399 0.125000 4.509456 
623.184997 357.383921 578.365814 362.667686 4.748659 0.125000 61.853553 
810.654059 392.446422 794.326942 391.747250 2.354026 0.125000 0.808568 
158.331374 432.451284 176.705494 430.374970 3.347484 0.125000 12.835141 
740.645148 346.281980 715.613640 346.118923 6.355719 0.125000 16.420689 
770.742111 404.041565 790.499951 410.981034 4.078954 0.125000 12.654304 
340.067546 437.943483 336.467159 399.413110 6.653391 0.125000 41.191939 
445.143810 636.815078 440.603120 673.277937 5.120817 0.125000 34.902353 
317.760513 348.356010 315.708921 322.916616 7.274766 0.125000 28.502738 
470.008705 378.187822 466.565200 344.406580 2.843331 0.125000 11.230489 
648.052343 549.001781 615.566787 555.325977 2.421277 0.125000 19.580527 
73.027471 467.519563 95.596523 466.333246 5.255564 0.125000 12.154056 
114.404245 444.372926 115.557135 460.629813 2.582161 0.125000 4.213073 
386.731091 429.391085 385.473746 418.141906 1.936517 0.062500 0.691983 
849.752436 405.663746 832.810436 400.384487 4.695829 0.125000 11.263352 
153.686665 495.665847 152.782381 508.100083 4.805495 0.125000 2.155231 
357.534166 396.799815 356.222170 407.110056 4.960003 0.125000 1.117505 
711.836694 495.369706 733.352522 492.141349 2.966563 0.125000 11.902474 
595.590061 544.697052 669.376651 541.918844 3.721051 0.125000 57.970333 
765.627429 496.897964 644.411329 509.718488 1.924182 0.125000 78.976383 
231.962069 400.133837 180.670214 406.019057 4.946590 0.125000 62.180967 
351.521115 433.161336 350.097951 419.300769 2.614600 0.125000 3.545846 
568.103382 356.707072 544.423979 359.755460 1.718577 0.125000 5.316029 
123.656322 564.807985 107.817448 567.677261 7.718602 0.125000 15.964989 
500.882195 470.469656 502.451381 485.694429 2.614982 0.125000 5.127472 
2.908771 468.137260 2.268933 456.852664 1.814087 0.125000 1.239911 
25.655898 445.868374 41.960492 443.798395 3.562707 0.125000 15.641534 
511.840585 416.878962 520.049780 488.191217 1.867032 0.125000 35.977073 
92.060978 439.509468 90.758128 429.200205 3.093511 0.062500 0.608865 
188.154614 388.396709 178.002731 389.503184 2.214406 0.062500 4.250211 
661.860612 383.105203 662.101838 398.161420 3.829617 0.125000 15.641534 
757.355053 472.199808 754.125589 452.116106 6.282302 0.125000 22.006912 
152.418675 507.967066 155.151785 517.375582 4.403188 0.125000 0.411361 
499.899625 458.042571 501.714992 469.596541 5.062695 0.125000 2.930334 
898.099709 511.696880 878.146995 514.529909 1.772288 0.125000 4.852271 
356.067319 461.873571 356.049612 471.877964 3.763268 0.125000 3.358919 
646.781885 411.181038 613.134499 415.695792 5.846314 0.125000 38.705593 
113.327779 425.615013 114.006365 439.393156 1.740399 0.062500 0.670273 
138.108706 476.838412 157.121402 468.371415 5.210055 0.125000 7.145411 
91.389459 406.749614 89.160528 393.160178 3.478640 0.125000 2.028363 
284.314793 531.532191 271.762892 533.736678 7.453147 0.125000 10.953450 
331.660532 502.945547 335.381463 524.417204 3.366019 0.125000 14.475265 
755.750775 484.042787 820.897706 475.114951 3.426259 0.125000 41.675792 
177.641487 364.291655 176.554116 337.983269 7.338740 0.125000 56.557611 
255.583902 540.208589 284.300916 537.374364 3.470090 0.125000 12.484815 
326.202553 345.671717 324.548484 321.862948 4.347411 0.125000 5.744720 
94.630154 475.826734 114.947700 480.772135 5.185820 0.125000 17.918407 
133.429194 434.307566 150.708039 432.880268 6.640402 0.125000 6.084589 
640.839377 553.890159 676.214482 543.978990 4.186825 0.125000 41.269100 
569.589338 319.348514 566.642210 295.499300 2.160368 0.125000 12.420773 
602.019567 495.838271 582.869181 505.095806 3.808231 0.125000 7.352456 
90.678238 386.095708 68.043649 388.655734 3.186573 0.125000 12.983143 
382.028784 385.620109 381.115347 356.899160 2.657676 0.125000 3.897457 
645.261701 364.201914 647.514765 375.744119 3.411620 0.125000 1.040119 
806.795278 419.769425 815.700904 418.939609 5.558291 0.062500 1.650864 
60.605906 515.379387 38.144474 517.125503 1.343121 0.125000 3.046091 
180.788818 406.551056 159.289127 407.579072 6.242868 0.125000 26.692392 
191.833577 558.771020 180.550918 559.544814 4.254376 0.125000 2.685898 
385.459729 251.884129 383.390837 214.429362 7.205664 0.125000 53.073050 
809.445964 424.364421 812.079611 442.030843 2.418851 0.125000 5.068999 
894.625370 326.991577 853.038487 330.970871 6.090808 0.125000 51.842030 
40.677546 420.433042 30.578297 420.934610 6.490320 0.125000 3.193814 
39.500903 411.857839 37.470888 396.964156 3.040386 0.125000 7.744048 
139.259349 462.094516 156.957296 460.108283 4.284251 0.125000 7.581736 
418.146397 205.832764 450.687461 202.481502 2.705832 0.125000 15.884041 
733.531592 446.943536 732.102466 429.356516 2.694270 0.125000 4.342733 
49.474820 571.372325 41.778210 572.400362 5.783450 0.031250 3.932357 
288.396988 423.112488 289.205630 440.690296 3.975813 0.125000 12.983143 
589.575916 410.460505 587.305503 390.434476 6.632659 0.125000 18.342183 
749.191945 486.741365 690.477395 494.509317 2.714723 0.125000 36.614244 
731.880833 498.186698 753.059706 496.184379 2.018284 0.125000 5.127472 
441.239513 106.805347 451.329948 195.828462 3.419593 0.125000 95.918819 
53.414931 493.540400 37.705332 488.083063 2.721963 0.125000 7.744048 
378.434907 384.690397 343.174176 388.571745 6.771129 0.125000 46.283367 
874.938811 428.099406 874.702544 434.433841 3.933759 0.125000 1.239911 
833.292582 333.063099 783.057824 340.148745 5.109925 0.125000 56.386473 
73.915986 349.346912 74.892842 376.856612 2.897656 0.125000 10.701477 
263.032024 425.625186 263.066973 443.127612 5.002486 0.125000 19.719298 
578.104346 546.615827 595.691881 545.214239 3.241647 0.125000 0.901537 
834.105139 287.015553 832.354093 268.080695 4.748545 0.125000 16.253035 
250.150042 389.418375 248.781171 374.429231 3.734459 0.125000 4.034922 
369.243893 513.210294 391.879200 510.662312 4.425591 0.125000 1.994721 
401.395454 451.792816 405.684569 492.001983 4.110148 0.125000 41.223411 
658.985894 490.670963 651.601421 428.157317 4.368823 0.125000 61.257202 
673.373046 553.535119 699.597889 549.616745 3.964769 0.125000 16.900386 
118.167102 460.541396 117.039509 443.114356 3.140469 0.125000 9.371288 
557.046478 449.691548 579.550491 447.228204 3.338124 0.125000 18.792215 
714.561245 346.867227 696.712810 349.543219 4.698202 0.125000 17.962705 
204.274851 544.452549 229.305764 542.314449 4.556316 0.125000 11.525196 
277.958674 443.147688 278.325444 425.629197 6.248631 0.125000 6.428786 
349.559770 416.863306 348.688055 403.089366 2.968715 0.125000 0.411361 
371.333086 256.867922 371.070977 230.645531 6.224700 0.125000 24.446956 
156.668634 459.963521 248.468071 450.052711 5.274685 0.125000 100.005691 
196.778659 395.635288 195.180772 380.672439 3.065133 0.125000 3.408386 
350.353748 498.149530 347.183863 463.097069 2.370733 0.125000 18.060531 
438.977268 119.402630 437.594544 99.498688 3.013760 0.125000 2.155231 
723.772225 422.474110 700.558540 414.570191 4.304881 0.125000 15.056241 
741.932283 316.187892 715.573639 318.870297 3.835328 0.125000 12.269367 
755.604516 343.137561 738.115996 343.281575 5.061589 0.125000 8.392597 
162.529263 454.386119 162.248960 439.368020 5.185740 0.125000 6.312424 
594.710702 439.841275 575.700621 431.698457 3.448924 0.125000 4.509456 
622.953289 454.410410 620.327721 441.678530 6.626123 0.062500 6.296491 
121.787668 463.054899 138.131527 461.973663 5.071608 0.125000 1.946294 
444.580245 47.916537 455.907275 59.068698 3.617935 0.125000 1.117505 
464.502500 266.886802 446.929312 268.662498 3.228332 0.125000 19.301711 
820.717095 477.548157 803.202886 479.944297 2.359905 0.125000 4.213073 
3.125275 490.696270 2.552787 480.657632 2.709455 0.031250 0.194526 
643.184078 440.638226 639.747614 455.988260 6.372111 0.125000 6.859750 
391.770557 361.757747 395.127381 394.553876 5.130566 0.125000 30.285578 
493.084681 270.145848 473.016411 271.834506 3.003112 0.125000 15.641534 
846.851137 487.904686 774.255070 495.767741 2.341466 0.125000 65.946142 
308.302835 405.473307 312.049487 440.739262 4.521355 0.125000 47.780608 
329.270775 441.957003 350.684888 440.046133 5.313515 0.125000 10.314873 
466.190467 281.474794 486.249844 309.817451 4.034540 0.125000 28.841704 
834.757537 389.381348 810.243114 393.122918 6.640161 0.125000 41.223411 
850.729148 470.263008 861.891749 469.919867 3.237861 0.062500 0.213092 
74.565028 417.618981 41.738332 419.541923 6.385500 0.125000 30.722539 
199.211347 451.886321 198.086653 435.627653 2.195909 0.125000 3.389084 
708.574758 457.887289 705.073639 432.852483 5.843508 0.125000 30.291251 
19.245468 492.878427 9.349753 498.076940 2.962702 0.125000 5.755361 
159.160890 476.448046 142.172172 484.967587 3.368675 0.125000 14.478415 
844.718433 334.794803 834.381085 333.088145 2.634297 0.125000 1.239911 
593.672039 330.685512 588.721988 273.181212 2.705199 0.125000 32.090145 
402.064201 78.589984 410.739215 79.396525 4.191397 0.125000 0.808568 
560.184256 474.410546 559.166487 461.791004 5.084304 0.125000 1.063560 
651.195725 410.506804 653.583974 422.038819 3.462024 0.125000 2.569380 
80.838471 348.116809 81.798130 373.127949 3.264983 0.125000 8.357559 
335.707678 390.315504 314.393682 391.119976 6.292699 0.125000 13.765656 
363.028413 438.987616 375.380516 435.907849 6.672400 0.125000 6.427247 
492.280037 365.588913 495.845331 405.605369 3.377578 0.125000 27.257538 
594.302174 561.419501 640.568611 554.022307 3.161173 0.125000 45.882371 
654.967736 426.799226 661.397517 477.095837 4.036742 0.125000 42.798235 
629.198702 441.624119 637.031120 440.704098 2.757512 0.062500 3.046091 
699.410182 342.172634 684.325439 343.955714 1.681559 0.125000 2.143001 
127.104974 487.131758 137.695760 477.645768 3.433062 0.125000 10.369571 
313.237297 527.781375 291.850974 530.431077 5.873291 0.125000 9.183472 
491.827121 550.083803 521.923323 547.421213 2.490274 0.125000 10.050382 
860.206855 408.587183 864.497454 399.502153 6.219419 0.125000 0.330606 
343.169357 543.937384 325.585277 544.897486 2.973327 0.125000 0.617006 
393.501921 292.543394 403.371946 305.435948 4.853552 0.125000 5.381876 
99.891754 551.936614 93.911567 480.768979 4.239357 0.125000 93.334520 
400.080304 429.382811 400.295606 444.397647 5.035330 0.125000 5.084867 
685.739064 492.565884 700.541948 490.121954 4.322370 0.125000 5.844005 
888.124711 475.622592 847.952655 480.436898 3.425881 0.125000 17.471941 
204.300033 410.629516 206.784918 451.880426 5.832873 0.125000 53.835962 
95.391000 435.561687 96.326956 450.581257 4.131460 0.125000 0.751741 
304.437877 416.880079 304.389703 405.619589 5.042735 0.125000 1.194605 
598.025587 436.733731 620.133231 421.176184 5.830632 0.125000 21.218291 
116.829007 558.795139 176.848001 554.034612 4.116100 0.125000 46.855900 
187.436592 454.238731 184.531161 415.613253 7.506459 0.125000 48.776293 
608.028531 470.461740 611.075187 491.988198 4.074824 0.125000 4.772198 
704.407759 432.438414 714.446500 431.854730 6.312019 0.062500 0.300245 
750.689413 532.068515 680.605848 535.195791 3.611958 0.125000 52.819218 
863.581840 398.967713 885.684908 386.985511 5.812667 0.125000 27.162431 
258.823455 477.682919 269.934069 463.821197 5.464986 0.125000 13.773239 
338.025853 359.760892 315.676657 362.325215 2.911171 0.125000 17.403880 
333.776603 348.190014 330.928711 321.977812 3.998091 0.125000 5.393900 
522.256503 445.574284 526.283898 475.869751 5.701328 0.125000 25.801624 
99.152882 483.052695 103.995967 551.901663 4.636824 0.125000 81.697402 
395.619127 395.524615 397.948144 424.389270 5.385934 0.125000 19.765597 
803.078966 480.239582 771.826904 483.972319 2.037618 0.125000 5.844005 
40.956095 573.708215 26.832039 575.224944 7.632258 0.125000 9.342529 
661.873361 481.640009 663.819673 491.979535 3.454037 0.125000 3.389084 
791.950482 393.823978 778.092120 395.320526 3.325707 0.125000 9.752709 
44.347213 560.328360 69.361905 557.985203 1.515523 0.062500 0.100210 
252.482173 448.126872 252.539997 429.377051 6.273100 0.125000 7.475833 
248.216463 474.099952 227.962167 467.364672 3.558413 0.125000 10.050382 
794.796400 429.321153 797.528379 450.701237 1.715234 0.125000 2.506677 
106.168024 459.715699 104.706761 440.599640 7.382909 0.125000 25.344149 
672.960877 308.351856 669.089651 284.220249 4.448391 0.125000 25.842967 
737.670025 448.435781 740.316285 462.953424 4.585833 0.125000 4.232990 
249.453231 584.793999 309.461802 573.589905 2.162015 0.125000 46.132430 
148.048570 435.615386 146.500744 447.920693 3.094690 0.125000 1.656501 
195.565879 435.530080 196.868703 451.875502 2.194145 0.125000 5.755361 
380.866227 459.854135 364.284212 454.665122 4.398504 0.125000 3.161076 
586.171815 325.616631 587.108914 246.877784 4.047247 0.125000 60.769792 
797.296482 414.018142 805.215446 403.774731 6.340627 0.125000 4.944464 
897.505302 430.540965 894.656123 409.170862 3.304194 0.125000 17.063908 
695.919151 349.399199 680.688978 351.174010 5.400452 0.125000 6.880669 
773.195268 395.976567 763.098922 397.994526 2.513003 0.125000 0.336821 
788.211787 414.078669 761.198394 406.167176 3.864667 0.125000 22.876073 
238.048589 548.801362 249.266059 547.307147 3.882215 0.031250 3.383118 
320.593149 403.849454 310.629745 404.453295 2.797896 0.125000 1.239911 
669.942376 423.986216 685.293939 413.872485 5.931463 0.125000 19.850942 
868.335050 439.201344 870.732951 459.362160 6.146067 0.125000 17.464522 
219.464559 470.746919 201.537546 483.915612 3.022232 0.125000 9.697712 
377.849105 64.104608 397.033248 44.530092 2.856260 0.125000 3.727857 
559.297890 462.118393 557.179740 450.569110 5.819935 0.125000 5.519792 
323.303206 486.859525 325.799824 515.609819 1.622108 0.125000 5.093087 
53.249627 474.571360 38.039434 475.881960 3.521537 0.125000 6.123555 
147.278565 447.846430 148.155991 456.991952 7.704474 0.125000 2.428840 
186.884678 361.929757 185.833350 338.115802 3.746351 0.031250 6.581966 
405.830363 272.115396 397.963019 273.199447 4.782573 0.125000 4.257617 
623.002478 469.303446 622.118308 455.371569 6.079110 0.125000 12.854268 
137.924828 495.162465 148.222461 493.958813 6.062618 0.125000 5.276942 
386.283874 443.185162 387.681757 456.920111 2.107455 0.062500 0.670273 
172.290259 471.209063 191.403061 483.127249 5.291266 0.125000 17.887662 
296.860768 482.907161 303.161278 482.994038 3.749644 0.125000 0.336821 
356.980228 407.994410 359.424568 433.361124 5.547104 0.125000 22.084805 
430.175854 46.175100 444.687335 58.023425 6.857559 0.125000 8.156069 
117.286208 486.866218 96.631938 480.119056 3.176469 0.125000 9.697712 
574.092618 426.243754 593.387656 435.049469 3.831272 0.125000 19.557788 
752.603685 413.803942 739.937007 427.398643 3.948433 0.125000 10.516133 
870.552189 468.893551 898.176547 464.715848 1.724231 0.125000 8.508130 
310.606781 536.710375 269.445892 541.265582 1.934846 0.125000 17.858865 
435.554536 276.056721 419.317301 277.454955 4.767076 0.125000 4.637785 
483.156709 364.371667 481.323855 346.932927 1.571697 0.062500 0.965006 
511.100392 491.824977 507.820770 460.657012 1.570618 0.125000 10.641625 
693.323976 406.010496 660.548714 409.997963 6.355216 0.125000 36.161548 
828.347369 474.290206 841.328787 471.812824 5.904883 0.125000 0.563612 
274.363614 551.512590 250.558567 552.260482 3.708898 0.125000 7.036615 
317.385090 491.780536 318.852316 499.703286 3.459684 0.125000 0.015897 
78.914677 371.894574 77.955149 349.329070 3.294309 0.125000 12.303712 
898.154082 482.142162 859.319975 486.369518 2.239987 0.125000 33.858361 
52.583215 488.464375 61.869678 496.880872 3.120707 0.125000 0.221914 
307.195596 436.942978 306.272890 424.327612 4.195926 0.125000 2.442553 
453.571559 476.993372 451.689375 464.218184 2.837695 0.125000 1.656501 
737.032569 400.567786 701.496809 405.262128 5.705054 0.125000 46.471445 
734.524496 418.464735 743.342405 410.702041 6.567660 0.125000 5.381876 
559.623906 425.312589 575.857382 426.749294 4.727177 0.125000 9.458038 
683.206450 414.671021 693.142126 411.937244 3.532623 0.125000 0.067922 
355.462890 447.592559 379.402996 453.001079 4.208728 0.125000 15.332553 
411.812228 577.509731 491.871608 569.341753 3.070083 0.125000 60.385811 
449.388293 254.485574 423.067858 257.649668 4.516677 0.125000 17.179532 
449.252083 579.220010 474.387773 577.020997 2.537380 0.125000 14.478415 
508.202831 386.865652 510.902434 409.341677 1.390146 0.125000 3.046091 
27.634598 575.894092 11.873530 578.114563 8.298570 0.125000 25.679227 
68.537437 521.830614 69.496933 530.746400 3.020647 0.125000 0.015897 
405.600128 492.974702 407.770793 510.668454 5.571628 0.125000 2.990716 
764.265920 398.282542 747.929171 399.913736 5.349727 0.125000 25.607203 
205.535711 452.204900 188.078805 453.898975 3.370255 0.125000 6.123555 
293.307721 462.337302 282.949613 466.431253 3.294286 0.125000 0.067922 
853.110467 476.784050 870.759049 473.963872 3.454895 0.125000 5.844005 
636.192568 424.285427 614.284061 435.446493 3.887775 0.125000 9.718332 
116.560952 440.585243 115.871939 424.364511 2.869089 0.125000 5.127472 
200.576898 471.778861 218.074533 463.024135 4.476061 0.125000 21.267711 
356.280474 472.041112 358.523840 496.951653 4.991517 0.125000 27.264221 
91.690295 427.066973 83.399316 419.089889 7.970522 0.125000 1.285864 
497.776848 344.405435 500.506969 375.635318 2.163922 0.125000 22.230293 
404.197743 305.765631 413.055405 316.930215 3.309958 0.125000 5.938485 
487.365896 399.315779 483.298958 365.604014 1.250000 0.125000 3.408386 
197.739224 504.153211 200.790402 533.238778 4.190231 0.125000 15.964989 
302.020042 543.832872 291.685550 545.950393 3.525055 0.125000 3.358919 
443.725594 158.197123 439.550682 120.605489 2.623275 0.125000 18.052101 
385.308840 409.525249 383.254615 388.112565 2.074169 0.031250 2.330571 
270.857052 463.620953 290.623732 454.372289 5.827199 0.125000 16.558512 
503.134334 249.542706 476.826684 251.006893 3.466354 0.125000 12.223078 
814.512956 441.855422 811.855291 423.127797 2.115749 0.125000 6.202180 
11.515608 578.844564 0.221170 581.124416 6.137804 0.125000 15.319253 
248.075497 391.395478 229.395532 393.323889 2.230063 0.125000 1.656501 
293.167376 451.106107 245.486789 455.305875 5.161338 0.125000 64.498910 
106.113012 438.366082 102.536326 427.061248 7.527705 0.125000 5.570209 
282.311053 466.953433 269.522958 475.837966 3.652522 0.125000 14.761219 
535.598793 557.903343 558.080111 555.245333 2.268727 0.125000 10.369571 
550.228836 443.009543 552.952036 463.148388 2.812457 0.125000 16.875200 
588.265678 313.115807 589.170975 326.970013 2.413173 0.125000 2.521984 
464.490139 193.113464 461.985460 168.113933 2.489897 0.125000 13.618626 
164.439179 551.353231 115.627644 555.655005 1.903599 0.125000 24.659216 
133.661324 522.959177 135.649132 544.372760 3.502867 0.125000 12.303712 
324.236394 472.482176 335.073084 457.375776 5.828898 0.125000 9.342529 
485.283734 495.697977 486.297147 483.078595 5.284136 0.125000 6.301697 
553.059444 374.382905 558.033751 415.636003 3.423749 0.125000 40.125994 
546.873862 568.116865 590.641334 561.991718 2.327840 0.125000 28.907937 
83.129223 486.865822 69.299339 500.548525 3.601680 0.125000 12.303712 
438.881931 653.260510 443.846336 625.530356 3.600072 0.125000 23.970334 
471.849687 200.425441 492.001128 197.869356 2.183830 0.125000 1.861525 
0.610301 586.549731 13.126627 586.634330 5.050578 0.125000 0.751741 
640.681997 512.402265 898.146162 484.570764 2.787017 0.125000 209.243437 
808.338919 465.660958 807.248511 472.147900 3.698118 0.125000 0.336821 
86.126209 371.923767 84.580682 348.193014 3.173410 0.125000 8.110330 
829.186861 522.054169 816.848122 524.222021 2.034733 0.062500 5.454331 
616.556733 434.428586 606.533025 447.567723 3.924032 0.125000 8.067339 
48.066089 564.814199 104.382079 560.722434 3.468392 0.125000 59.759268 
337.424029 501.869720 337.280021 486.895147 3.882052 0.125000 8.485363 
898.393580 381.834120 864.231944 385.565179 5.941623 0.125000 49.971813 
83.220529 471.536124 60.576279 473.910321 3.468866 0.125000 29.382678 
489.018417 240.727438 486.780627 205.631017 5.601014 0.125000 52.229086 
195.740115 460.377887 150.333997 465.589769 5.312921 0.125000 66.336470 
223.309461 458.542176 196.770370 460.220318 5.764241 0.125000 38.948473 
634.331031 510.316587 616.809711 510.810930 5.033264 0.125000 7.173851 
313.593991 465.472961 317.617530 477.884285 3.234148 0.125000 3.408386 
431.905717 195.871059 449.444479 193.681558 2.016208 0.125000 0.792594 
191.264701 484.269925 199.975018 472.312064 5.326246 0.125000 9.681757 
245.725916 455.233779 224.185804 457.764968 4.674063 0.125000 23.249096 
481.410789 221.604167 483.316911 235.932058 5.200831 0.125000 22.258583 
579.006613 318.344082 577.133776 304.509182 3.781022 0.062500 3.057366 
648.036859 471.884624 645.025305 444.303993 2.528178 0.125000 9.864028 
297.939578 499.415047 295.137351 486.440379 7.956346 0.125000 13.789331 
290.888173 455.656774 308.123878 459.380195 5.053282 0.125000 23.822966 
612.119123 415.191491 579.192628 419.081229 4.750638 0.125000 36.614244 
30.719854 477.923005 6.907234 478.905916 5.832265 0.125000 24.315008 
189.923188 513.168541 191.704836 541.885557 3.751955 0.125000 11.647705 
194.077749 415.641859 194.929789 430.664430 2.012554 0.125000 1.239911 
310.590810 465.737589 296.611579 461.492441 3.481780 0.125000 7.634733 
747.090236 399.340876 737.962440 400.956689 4.346256 0.125000 0.898940 
858.230278 486.583683 848.078168 487.698539 3.030856 0.015625 1.247016 
179.546875 558.859596 123.393280 563.722758 8.511744 0.125000 104.638946 
139.544056 465.925839 99.475149 470.293722 5.559404 0.125000 47.927527 
259.230459 545.395706 318.029779 539.650465 3.982908 0.125000 46.474291 
367.106008 443.151512 315.487500 447.871176 6.110220 0.125000 76.926919 
800.577557 490.323928 820.669570 487.157840 2.791351 0.125000 7.684121 
149.454921 466.296704 140.557997 465.907790 7.602023 0.125000 0.977676 
443.783180 464.309864 445.399980 480.647269 3.349565 0.125000 7.684121 
622.884601 419.329168 644.531757 417.285059 5.143547 0.125000 17.118888 
776.893260 527.003637 874.554683 513.140843 2.362559 0.125000 75.578685 
23.808189 480.498343 51.954548 487.819163 5.663766 0.125000 33.339753 
665.787866 461.851295 668.690284 481.792725 1.597041 0.062500 0.073379 
881.905957 398.165902 873.528469 404.506529 3.017487 0.125000 3.949181 
526.668328 476.724410 528.335500 488.275037 3.532969 0.125000 6.870770 
648.853667 438.075463 650.810695 466.862376 3.342076 0.125000 15.332553 
894.025063 392.385175 882.360922 397.902318 3.179361 0.125000 2.506677 
210.638567 547.047316 191.808460 548.529871 1.834821 0.125000 3.545846 
289.492775 546.571909 271.842466 547.518129 6.174123 0.125000 1.531424 
305.459903 591.961846 365.727881 589.936654 10.036339 0.125000 162.298857 
443.613758 624.392121 444.404021 601.832230 2.367187 0.125000 16.592441 
556.644914 416.053934 583.397939 413.081792 5.383314 0.125000 41.047158 
459.357103 559.210381 436.851313 561.657124 1.647975 0.125000 1.656441 
513.449340 467.028300 511.847089 444.288890 3.669749 0.062500 1.276453 
335.657440 456.947230 356.143580 447.746447 5.865417 0.125000 19.255797 
136.212015 458.375165 138.331322 442.812646 6.530177 0.125000 7.903016 
157.981392 468.673826 172.380885 472.441669 4.633568 0.125000 18.931757 
14.343133 586.495382 81.891786 580.824961 2.395827 0.125000 60.583902 
391.884070 231.728506 393.512613 245.725339 3.061104 0.125000 12.076991 
803.877354 383.147106 803.152013 366.818274 4.023663 0.062500 2.811537 
124.775013 518.088570 125.914337 530.598649 1.922839 0.062500 1.868194 
312.560090 448.041125 313.803228 458.195002 2.937181 0.125000 1.778920 
9.765525 500.178442 18.529041 507.842338 3.763773 0.125000 1.218141 
555.608555 515.119690 538.117085 514.733414 1.470478 0.125000 4.852271 
863.268043 385.547832 835.420013 388.944283 4.055222 0.125000 33.155232 
420.979021 572.201673 408.932988 574.906453 6.645870 0.125000 3.795982 
479.018383 478.066644 478.200042 465.538448 2.494684 0.062500 0.073379 
126.076721 530.629108 126.173217 549.378612 2.570731 0.125000 3.513030 
741.796812 529.839337 775.708547 526.464512 2.487711 0.125000 16.407553 
316.640526 479.244813 318.277705 492.015669 3.232579 0.125000 1.218141 
366.708852 590.317414 415.965090 585.063238 8.203527 0.125000 112.048015 
129.355162 599.144542 94.398985 602.153633 1.500881 0.125000 15.689351 
98.126993 568.748628 78.122220 568.735876 8.761951 0.125000 26.963355 
84.354166 582.885190 0.477057 590.172072 2.817495 0.125000 61.713899 
211.930310 591.045692 195.633327 593.188333 1.728158 0.125000 1.239911 
93.451066 470.628366 80.829699 473.911843 5.153648 0.125000 11.951808 
23.434568 519.046343 36.296935 531.161631 3.586804 0.125000 8.067339 
308.162427 448.287942 296.385311 450.993101 4.873099 0.125000 4.255108 
490.119404 344.155002 492.359148 364.459480 4.567677 0.125000 11.717844 
535.625569 488.124943 534.123615 473.025666 2.240264 0.125000 2.661940 
185.760084 396.868627 170.665782 395.245699 3.461253 0.125000 1.117505 
554.390795 553.259943 531.906216 555.891696 2.918999 0.125000 0.751741 
816.730761 525.286019 751.811823 531.179025 3.623479 0.125000 45.719401 
229.408478 556.027950 191.959274 559.139338 2.077428 0.125000 21.298266 
230.622289 590.679220 243.215803 591.308877 2.496881 0.125000 0.792594 
456.773424 404.819428 474.464987 402.588665 3.407786 0.125000 0.330606 
501.422736 376.867138 501.619814 396.865196 3.848361 0.125000 3.161076 
224.553168 461.346862 252.650706 470.825598 5.194345 0.125000 24.159773 
318.665153 501.674337 321.064096 523.075781 4.840610 0.125000 9.023041 
460.762369 479.363646 459.522483 464.362810 3.016487 0.062500 1.855633 
534.252556 574.751345 641.915259 559.662255 3.240113 0.125000 92.017953 
493.089323 526.491338 596.871788 516.840458 3.069663 0.125000 98.628520 
28.216922 468.119113 27.499329 456.915073 7.085185 0.125000 3.476667 
384.518653 440.659719 368.055183 442.500609 4.282395 0.125000 20.934699 
438.064680 266.354647 415.577060 268.961444 4.156869 0.125000 3.327476 
544.353257 506.461857 525.589443 507.449381 2.036676 0.125000 3.545846 
83.183385 558.820243 46.874530 561.869404 1.664035 0.125000 14.572969 
433.151416 562.097769 401.896225 565.803994 2.546365 0.125000 7.844160 
505.373066 545.978974 496.373318 539.573592 3.292687 0.125000 0.067922 
679.061024 439.417034 681.571038 458.165693 1.824531 0.125000 1.656441 
61.861224 556.718729 29.393150 559.580889 2.161046 0.125000 11.209852 
93.175845 602.339474 0.554233 612.478534 2.466774 0.125000 47.938674 
415.612540 587.562242 441.877340 586.980702 3.444711 0.125000 24.743873 
574.430982 420.810091 556.856798 420.534110 6.229602 0.125000 13.883311 
353.147467 543.304615 454.377167 530.642325 3.261448 0.125000 69.598124 
383.155603 416.872104 384.819353 434.451249 2.657775 0.125000 1.423999 
89.400400 408.390094 73.060868 409.955671 1.654041 0.125000 2.143001 
53.879953 465.616557 53.698244 449.368589 6.333480 0.125000 14.825596 
128.227743 597.854673 236.961653 586.451254 2.183367 0.125000 47.507849 
78.132249 573.189364 41.780222 577.283452 2.081516 0.125000 23.307380 
463.259177 464.328993 463.676951 476.898202 2.706243 0.125000 4.852271 
256.899752 534.995110 240.575971 535.646675 4.145849 0.125000 0.652256 
509.587390 464.347418 513.001938 490.640981 1.561544 0.125000 5.998552 
495.716870 308.118516 494.745033 294.348884 2.044804 0.062500 0.670273 
557.971151 614.496151 532.126947 581.676601 4.013860 0.125000 42.666459 
141.460715 499.412434 143.039303 516.882743 2.152387 0.125000 5.316029 
700.433317 392.817750 696.892088 380.620039 2.771828 0.125000 3.545846 
735.806788 299.503975 733.242022 278.261795 2.973782 0.125000 9.555471 
96.049969 450.831396 98.993084 462.595962 6.973234 0.125000 3.727857 
259.337677 594.338339 304.371966 595.723623 3.363901 0.125000 43.631197 
456.184525 465.639235 456.467879 479.383393 2.499469 0.125000 3.545846 
0.559361 609.712586 14.417490 608.715632 2.134783 0.125000 3.046091 
497.209619 539.085156 490.200213 530.992947 2.469888 0.125000 2.143001 
643.119392 545.497275 599.344013 547.419215 2.400183 0.125000 17.687315 
15.656309 608.436962 84.465941 601.531131 2.496494 0.125000 37.258152 
415.580002 566.443344 434.386247 564.482890 3.134545 0.125000 2.679066 
466.738839 478.137864 465.674337 466.870339 2.067452 0.125000 0.336821 
433.946188 434.716882 456.205069 424.206255 3.139573 0.125000 4.637785 
336.329245 480.610736 336.786320 463.122682 3.814039 0.125000 4.741060 
420.543258 582.290959 444.431330 579.949755 3.072913 0.125000 19.657641 
444.329941 382.697247 429.364331 384.273717 2.486244 0.125000 3.389084 
464.661180 378.226027 462.935618 361.763826 2.356068 0.125000 3.389084 
9.267731 583.472123 193.096103 561.631778 2.765013 0.125000 120.472832 
840.885751 289.521441 837.546029 266.960707 2.749549 0.125000 5.844005 
649.391199 537.761989 674.397185 538.877830 1.471650 0.125000 6.658451 
188.184537 593.782678 129.463123 599.098460 1.921085 0.125000 28.318797 
785.741835 405.245140 765.714146 399.085163 2.114383 0.125000 4.213073 
875.581729 512.803901 898.176747 509.758995 1.809840 0.125000 5.127472 
66.850768 606.604510 164.352150 597.869929 1.802682 0.125000 57.755362 
319.393051 544.160347 309.373930 544.239486 3.749883 0.125000 0.898940 
345.279496 496.916455 343.635379 483.213743 2.184371 0.125000 3.949181 
697.247383 379.512115 695.251617 366.738041 2.277082 0.062500 0.670273 
709.411426 500.964807 729.316691 498.831052 1.686372 0.125000 0.896872 
0.542517 593.420140 53.082380 588.881616 2.122424 0.125000 32.308304 
437.287642 673.172389 438.453663 663.019191 2.341059 0.125000 0.336821 
811.795700 345.022934 828.092265 342.876470 2.478593 0.125000 1.656501 
422.049794 504.358452 418.017675 461.766824 3.092786 0.125000 35.265858 
531.708236 418.273358 555.666124 414.646666 3.146486 0.125000 14.636739 
839.415648 522.156371 898.202825 513.663714 1.979896 0.125000 34.851400 
145.675229 516.871172 144.436789 500.620291 2.979286 0.125000 7.646235 
205.685965 593.672961 229.420317 591.032314 1.793568 0.125000 6.870770 
506.924394 544.984510 595.598542 537.798514 1.718411 0.125000 43.460281 
700.483275 548.985170 728.786770 538.695271 3.845940 0.125000 17.630171 
399.423428 522.375261 375.654164 524.676260 1.846404 0.125000 10.270811 
430.110540 528.418929 426.936436 509.364766 5.548850 0.125000 7.145411 
244.236511 591.679865 258.237512 593.518004 4.206229 0.125000 0.445552 
558.117392 547.665862 574.383638 547.396341 3.873738 0.062500 0.381235 
779.294376 492.295769 795.632992 490.707198 2.090885 0.125000 2.661940 
410.436194 379.394615 407.441160 350.566181 2.228278 0.125000 11.209852 
166.897351 597.144867 201.864542 594.248737 1.444478 0.125000 10.369571 
371.896226 522.174901 396.859646 520.408063 1.599883 0.125000 3.545846 
496.942511 203.751341 481.848756 202.117439 2.049901 0.125000 1.778920 
587.979138 283.127318 588.435935 311.870058 1.349158 0.125000 6.658451 
399.571093 571.780971 359.453265 578.586373 6.183922 0.125000 40.876537 
705.625644 531.892306 738.127173 530.683410 2.038984 0.125000 15.339258 
565.719619 558.508027 536.849263 560.180809 3.165280 0.125000 10.419264 
59.347078 590.319219 0.630109 595.680947 1.932399 0.125000 39.732151 
427.541419 382.019495 424.769412 346.843918 3.216917 0.125000 14.633640 
83.008067 475.401652 71.142657 481.613751 2.013142 0.125000 0.336821 
805.580228 356.881554 809.421212 383.118235 2.203453 0.125000 1.661516 
28.859839 202.773291 17.696914 196.371456 4.034255 0.125000 0.342751 
549.073177 475.656044 550.231265 486.915497 2.870561 0.125000 4.852271 
695.161454 455.686571 692.670816 436.935327 1.732875 0.125000 2.661940 
290.746753 586.051854 305.606541 588.249799 3.892540 0.125000 4.835864 
271.179707 531.930285 269.188671 506.889816 3.879229 0.125000 8.819711 
504.230266 563.364147 495.480663 564.616918 4.952323 0.125000 1.861525 
44.425618 215.537869 28.324130 206.183924 6.763080 0.125000 17.464522 
531.130627 451.909004 532.391548 433.159739 2.578241 0.125000 0.081028 
601.897263 537.240959 631.862410 535.418048 1.475401 0.125000 7.976345 
572.869376 632.332957 566.055170 623.778013 3.439763 0.125000 0.067922 
428.135759 386.993829 446.845564 385.299875 1.808467 0.125000 3.046091 
413.136352 196.359528 424.383666 196.185697 2.557652 0.062500 0.965006 
412.838315 121.906618 417.120775 160.735756 2.073838 0.125000 11.051624 
123.479407 482.463688 109.674798 475.065587 2.477405 0.125000 0.067922 
646.857247 534.024337 704.336491 531.114353 1.864778 0.125000 9.664469 
432.044417 325.536390 437.738606 336.423308 2.845638 0.125000 0.808568 
555.639931 419.609964 531.827225 421.123198 3.663177 0.125000 6.729780 
694.477859 280.950767 698.371061 294.660100 3.429333 0.125000 0.081028 
827.336918 443.234406 824.371735 421.875453 1.788715 0.125000 7.561541 
584.365565 643.194490 573.454382 632.779912 5.178401 0.125000 1.971884 
599.349491 550.006119 643.128159 548.201629 3.064152 0.125000 17.164691 
80.799920 568.167954 61.888718 570.726399 2.543069 0.125000 4.342733 
5.637959 563.310784 41.885977 560.782363 1.739607 0.125000 13.618626 
411.862747 455.688640 412.830842 436.859876 3.295759 0.125000 1.194605 
546.923027 436.957752 535.794252 443.416625 4.778111 0.125000 3.709123 
55.878453 297.117831 42.939589 293.861784 2.722557 0.125000 1.656441 
29.343427 599.070292 0.642532 602.044200 1.887502 0.125000 6.009197 
188.082095 539.114933 159.290834 543.864834 4.729843 0.125000 19.086536 
514.350960 505.201036 536.920152 503.921280 2.708288 0.125000 3.709123 
204.382633 560.695296 229.359584 557.983036 1.917419 0.125000 10.641625 
50.194842 550.517232 46.921960 525.618827 5.283175 0.125000 18.046146 
414.654070 160.596615 408.940088 104.419236 2.065090 0.125000 31.496158 
146.841923 532.721109 169.293709 530.882389 3.533429 0.125000 2.025330 
154.265139 472.924542 135.631428 483.136728 3.678591 0.125000 5.381876 
536.982972 342.436701 523.117970 342.925657 4.327839 0.125000 0.330606 
407.691565 446.808604 409.929367 474.329924 3.332444 0.125000 7.347287 
2.485099 539.330327 0.566574 513.129278 2.402040 0.125000 16.522430 
219.225881 466.551549 205.509760 472.875035 2.181856 0.125000 2.661940 
3.827528 558.085797 2.784478 539.394002 2.078248 0.125000 4.430565 
650.625000 540.625000 624.375000 540.625000 1.250000 0.125000 4.852271 
421.025963 413.094343 419.688440 395.601035 3.357904 0.125000 7.089167 
488.148642 245.866774 473.169642 247.331521 1.879867 0.062500 0.213092 
414.365150 483.125473 413.643825 468.100093 2.676944 0.125000 1.732833 
126.808212 145.096664 111.888613 146.982690 3.264102 0.125000 11.530989 
410.164872 475.534787 413.454479 504.337369 3.476754 0.125000 22.559118 
8.276713 211.524017 0.369078 212.858465 3.280720 0.125000 0.015897 
359.393164 316.906710 343.383972 326.077099 4.033240 0.125000 6.808868 
424.380937 339.377277 429.618594 325.718409 2.685306 0.125000 0.067922 
458.309647 262.247381 448.016184 263.418904 3.301887 0.125000 4.852271 
419.144382 393.142229 417.458914 370.581377 2.772428 0.062500 0.595627 
437.850673 466.910163 439.645277 480.910806 1.992793 0.062500 0.965006 
459.438671 431.583252 479.570998 435.976910 3.086933 0.125000 17.403880 
873.166339 248.245622 856.893441 248.736420 2.536547 0.125000 7.088968 
134.902904 518.082050 133.581297 501.837876 3.839014 0.125000 7.909087 
435.372502 442.611181 456.942113 432.011572 2.775754 0.125000 18.058529 
49.385010 630.738474 71.820696 628.759390 2.050979 0.125000 5.068999 
422.644376 461.664366 428.505013 448.291540 4.296738 0.125000 0.751741 
14.192934 302.776905 5.737171 307.199563 4.958875 0.125000 4.249674 
404.189864 373.147783 407.579516 400.692128 1.565230 0.125000 11.173901 
53.073749 212.721196 44.462469 213.814154 4.802818 0.125000 1.732833 
776.744885 251.275351 754.479505 256.106621 2.869528 0.125000 6.446368 
225.429303 198.642268 217.714427 187.541604 5.306693 0.125000 2.849731 
170.037864 159.517039 163.972685 162.405169 4.460557 0.125000 0.015897 
241.880213 556.918124 265.586001 554.052392 1.350154 0.125000 3.949181 
111.962649 149.399162 107.534612 165.462250 4.488015 0.125000 9.458038 
289.352004 564.020348 311.838512 562.562283 1.524173 0.125000 0.792594 
629.417124 313.388932 611.768185 316.205745 3.650812 0.125000 11.113726 
251.936992 568.662829 279.360810 565.501892 1.338513 0.125000 3.389084 
688.125000 529.375000 668.125000 529.375000 1.250000 0.125000 0.336821 
86.079729 183.079693 68.003823 194.177632 5.663095 0.125000 12.881602 
13.731523 286.337360 4.956842 293.808372 3.524205 0.125000 3.358919 
425.025808 481.925592 423.436175 463.098726 2.286810 0.062500 1.855633 
217.889020 146.510219 234.352375 148.329715 4.551175 0.125000 10.675168 
341.807256 397.510452 354.429462 396.119066 3.032795 0.062500 0.100210 
655.624565 531.833108 636.876588 532.027846 1.288882 0.031250 3.417902 
831.905480 244.903449 818.129212 245.698033 4.103666 0.125000 6.271593 
522.970157 498.865058 538.073202 497.536265 3.954678 0.125000 0.901537 
